0.228749235	0.118483194	0.011946001	0.037192936	0.011590198	0.007443559	0.001336583	0.001110618	0.001157063	0.000524208	0.000718874	0.000403256	0.000625984	0.000675055	0.0010042	0.000380843	0.000356811	0.000317237	0.000238881	0.000324504	0.000324504	0.00017952	0.000347925	0.00023737	0.000337959	0.00025386	0.000302667	0.000244772	0.00052679	0.000268892	0.00041415	0.000201158	0.000265285
0.207535259	0.11615899	0.019942447	0.026559319	0.016379684	0.008750019	0.002597854	0.002783737	0.001759695	0.000587913	0.000291109	0.000486369	0.000625771	0.000365607	0.000306124	0.0004771	0.000343042	0.000348667	0.000218468	0.000341899	0.000261921	0.000397122	0.000211781	0.00033065	0.000288505	0.000338018	0.000284676	0.000359123	0.000264453	0.000311921	0.000250105	0.000365397	0.000273338
0.218780964	0.101066543	0.017220792	0.021394911	0.012756387	0.007358026	0.003032671	0.003294854	0.003024579	0.001155367	0.001333142	0.001026407	0.000878567	0.000690914	0.000477767	0.000335754	0.000556515	0.000401017	0.000255873	0.000198702	0.000258571	0.000356465	0.000292767	0.000305386	0.000322536	0.000269712	0.000340536	0.000418074	0.000262791	0.000305922	0.000435345	0.000317913	0.000202726
0.159372197	0.067575049	0.006857005	0.012032071	0.005456347	0.004457434	0.002114399	0.002274208	0.002239372	0.001052656	0.00081355	0.000725313	0.000654093	0.000539466	0.000381991	0.000433628	0.000500738	0.000357958	0.000351866	0.000337201	0.000251711	0.000326463	0.000296524	0.000370867	0.000216118	0.000454067	0.000222195	0.000471293	0.000326449	0.000290238	0.000342818	0.000445918	0.000369989
0.09278977	0.03393998	0.002812909	0.006564772	0.003612823	0.004688232	0.002858185	0.002522548	0.001664825	0.000834501	0.000670108	0.000534619	0.00032461	0.000564351	0.000346665	0.000367214	0.000375569	0.000383924	0.000233892	0.000376736	0.000277555	0.000367214	0.000230219	0.000385091	0.000299345	0.000299115	0.000343614	0.000264318	0.000286648	0.000311954	0.000232184	0.000253368	0.000239245
0.047591361	0.010923584	0.008073871	0.003824832	0.009038455	0.007669582	0.005377112	0.004707441	0.002860478	0.00205541	0.001535643	0.001059914	0.000676233	0.000553732	0.000339872	0.000326287	0.000289041	0.000316442	0.000254617	0.000302397	0.000241031	0.000363532	0.000339872	0.0001902	0.000293623	0.000388691	0.0003155	0.000384812	0.000292686	0.000411291	0.000221695	0.000372957	0.000238016
0.021202283	0.007726778	0.021124471	0.008386948	0.018629071	0.010838271	0.00560714	0.004334201	0.003054243	0.001821735	0.001887234	0.000920911	0.000209826	0.000268166	0.000359123	0.000421042	0.000384846	0.000505106	0.000253714	0.000486941	0.000308341	0.000436954	0.000270988	0.00036579	0.000356299	0.000299377	0.000349052	0.000227084	0.000320132	0.000373313	0.000408275	0.000270543	0.00033659
0.033391469	0.022651098	0.031670479	0.017364604	0.027034292	0.012270129	0.005215573	0.004635113	0.00368611	0.000819755	0.000805261	0.00076213	0.00063858	0.000341805	0.000512636	0.000272784	0.000483297	0.000360449	0.000302123	0.000305922	0.000407379	0.000385638	0.000399781	0.000265888	0.000413288	0.000398537	0.000448998	0.000348009	0.000293874	0.000310592	0.000338657	0.000184744	0.00042341
0.075857451	0.059010493	0.038501467	0.030077821	0.029912018	0.012834379	0.004046856	0.003524385	0.002842987	0.001527215	0.00093112	0.000557464	0.000492585	0.000438352	0.000384119	0.000203899	0.000377244	0.000409183	0.000546484	0.000420831	0.000362827	0.000222753	0.000426524	0.000375581	0.000237954	0.000180088	0.000315975	0.000272577	0.000290752	0.000239222	0.000239192	0.00033488	0.000222996
0.15496486	0.108118458	0.034031798	0.047613057	0.024897294	0.012435994	0.004335934	0.004358264	0.002182523	0.001885697	0.001434522	0.001620183	0.000280552	0.000172454	0.000293531	0.000335214	0.000294269	0.000330327	0.000427573	0.000287144	0.000449903	0.000374757	0.000241822	0.000180088	0.000291117	0.000359944	0.000357653	0.000423863	0.000210329	0.000317096	0.000144887	0.000335226	0.000186576
0.238689755	0.173251329	0.020597809	0.064024949	0.015693444	0.007045473	0.007543365	0.005507357	0.002090381	0.001550015	0.002103367	0.001159767	0.000385616	0.000497877	0.000479857	0.000359137	0.000407062	0.000428507	0.000345326	0.000351988	0.000221201	0.000381756	0.000476978	0.000378594	0.00014401	0.000454169	0.000331202	0.000430752	0.000235405	0.000352044	0.00034208	0.000362761	0.000341168
0.33872225	0.233322531	0.009711313	0.074257582	0.007069428	0.006638521	0.008846184	0.006276304	0.003286587	0.001556355	0.001262801	0.000365559	0.000280266	0.000751039	0.00073775	0.000278046	0.000291335	0.000505131	0.000515104	0.000551093	0.000381041	0.00026917	0.000334543	0.000260319	0.000249217	0.000308847	0.000393916	0.000381292	0.000301528	0.000293622	0.000278671	0.000405941	0.000341827
0.436644914	0.28411665	0.004511145	0.087097431	0.006087533	0.005733041	0.007841298	0.006616824	0.004045883	0.001132089	0.000756141	0.000521141	0.000586004	0.000281402	0.000488463	0.000678806	0.00036647	0.000677062	0.000524135	0.000311842	0.000443806	0.000480729	0.000267185	0.000317074	0.000605582	0.00022947	0.000383714	0.000235338	0.000345469	0.000193954	0.000351855	0.000220673	0.000293808
0.54761191	0.356607445	0.009980936	0.099813394	0.010898539	0.00738373	0.00684758	0.005979477	0.003580868	0.001973024	0.001391773	0.000922289	0.000473468	0.00043364	0.000366677	0.00057598	0.000790787	0.000536878	0.000449074	0.000383354	0.000291996	0.000290752	0.000380866	0.000414222	0.000280029	0.000218404	0.000285462	0.000413274	0.000388313	0.000234194	0.000332962	0.000405673	0.000241661
0.60031108	0.381284094	0.02318035	0.103744029	0.024084958	0.011894545	0.005236312	0.003731483	0.003141057	0.002718	0.002563775	0.00210999	0.001014095	0.00044611	0.001300297	0.000369994	0.000454514	0.000302766	0.000529659	0.000647307	0.00028596	0.000295436	0.000246946	0.00047804	0.000357656	0.000451818	0.000304271	0.00026272	0.000271133	0.000246806	0.000231035	0.000316161	0.000395542
0.627667015	0.392329047	0.040300913	0.099240103	0.031906827	0.012117078	0.00507821	0.005211713	0.001850152	0.002281569	0.002051111	0.001604214	0.000825647	0.001434163	0.001054722	0.000725873	0.000657007	0.00058955	0.000370318	0.000429342	0.000307064	0.00042232	0.000309884	0.000264904	0.000385245	0.000283646	0.000187552	0.000352539	0.00034749	0.000213248	0.000499655	0.000429735	0.000259691
0.598673464	0.376832481	0.059890318	0.095412167	0.045789399	0.017907653	0.00809429	0.004527829	0.001578463	0.000980395	0.001216253	0.000499739	0.00103936	0.000622138	0.000993289	0.000542374	0.000617668	0.000676632	0.000382328	0.000201332	0.000292587	0.000288634	0.000249952	0.000411033	0.000361884	0.00033488	0.000344914	0.000296111	0.000253152	0.000354236	0.000401024	0.000401024	0.000251358
0.553815408	0.3407773	0.073732614	0.083732585	0.05186399	0.016249615	0.009742196	0.005146953	0.001728047	0.000715838	0.000447886	0.000718653	0.000642895	0.000421226	0.000499094	0.000684978	0.000483667	0.000532764	0.000287954	0.000321624	0.000364415	0.000144856	0.00025358	0.000210789	0.000468807	0.000151313	0.000258735	0.00021978	0.000266253	0.000357554	0.000307986	0.000411998	0.000514928
0.55548202	0.331192864	0.07292035	0.080321839	0.055474959	0.017148668	0.010097641	0.006917105	0.002724326	0.001069677	0.001030538	0.001375136	0.000859324	0.001086505	0.001128576	0.000295579	0.000786148	0.000447033	0.000412854	0.00024948	0.000302207	0.000422949	0.000283696	0.000268131	0.000211333	0.000363672	0.000430974	0.000333322	0.000278965	0.000367646	0.000286129	0.000544862	0.000548478
0.405918539	0.243621467	0.079097564	0.054723559	0.051400557	0.015060382	0.009675578	0.007865944	0.002649182	0.002044382	0.001826564	0.001953665	0.001274063	0.001582597	0.00188363	0.000628265	0.000877118	0.000477194	0.000252864	0.000331136	0.000343398	0.000237482	0.000557164	0.000314108	0.000322339	0.000252623	0.000493277	0.00015206	0.000278164	0.000343298	0.000389935	0.000477124	0.000230882
0.331427537	0.191306578	0.053685216	0.048204681	0.038107485	0.010763927	0.011383768	0.007017919	0.003090474	0.002186755	0.002353123	0.002248392	0.001883856	0.002323218	0.002624202	0.001053397	0.001378513	0.001087776	0.000368785	0.000388321	0.000638167	0.000363231	0.000310273	0.000204359	0.000475015	0.00038596	0.000370514	0.000218619	0.00015902	0.000206994	0.000413675	0.000440683	0.000413675
0.264903866	0.149485826	0.042206418	0.035294156	0.027666513	0.009159491	0.0072607	0.006167894	0.003648931	0.002652526	0.001263174	0.002308771	0.000906399	0.001024644	0.001475462	0.000905879	0.001199687	0.00095813	0.000224167	0.000742141	0.000455243	0.000354236	0.000441346	0.000632956	0.000459795	0.000484387	0.000320956	0.00024339	0.000389033	0.000402529	0.000456891	0.00017724	0.000892162
0.182594617	0.0961543	0.021982931	0.023191236	0.015969287	0.005215368	0.004434617	0.004410025	0.001703633	0.001406204	0.001385969	0.000709105	0.000574623	0.001026769	0.000833227	0.001047004	0.000644042	0.000952412	0.000435203	0.000420971	0.000422616	0.000258604	0.000470736	0.000309435	0.000447177	0.000300807	0.000765749	0.000570578	0.000320722	0.000591399	0.000705912	0.00055904	0.000746804
0.108640492	0.051452613	0.010240144	0.012741533	0.006309606	0.004577149	0.004466999	0.004459136	0.001920552	0.000650501	0.000752225	0.00067276	0.001138014	0.00103429	0.001984208	0.000877646	0.001148748	0.000582955	0.000285392	0.000666645	0.000253188	0.000361219	0.000339749	0.000520735	0.000311221	0.00026886	0.000327872	0.000196328	0.000230882	0.000456285	0.001064915	0.000472204	0.000502046
0.063432863	0.022445325	0.00466904	0.004868603	0.004762087	0.002329378	0.006450415	0.003221658	0.001026709	0.000812264	0.000642221	0.001411906	0.002263266	0.00194274	0.001840388	0.001649694	0.00086042	0.000713503	0.000399126	0.000672149	0.000501479	0.000558287	0.000431204	0.000581059	0.000438441	0.000453539	0.000140312	0.000398779	0.000491671	0.000247697	0.000706722	0.001065495	0.000607628
0.052433263	0.016850134	0.010676405	0.001164453	0.009555112	0.003286639	0.009103871	0.005176472	0.000778691	0.000978574	0.001257995	0.002642407	0.002801427	0.002671672	0.002348107	0.001407661	0.00120187	0.000716658	0.000333139	0.000372962	0.000416123	0.000331771	0.000604676	0.000301928	0.000381739	0.000344295	0.00028922	0.000382305	0.000375183	0.000478776	0.000585313	0.000486048	0.000756879
0.083995469	0.034537461	0.030127325	0.002085518	0.022066346	0.004914662	0.009792855	0.004450636	0.000631638	0.00168087	0.002116709	0.003651936	0.002779283	0.002124003	0.002455777	0.001596659	0.000746052	0.001145938	0.00032764	0.000192449	0.000405688	0.00020978	0.000328788	0.000483724	0.000294299	0.000404799	0.00042562	0.000647944	0.003334674	0.000543036	0.000500581	0.000548255	0.000685039
0.153832434	0.084736821	0.052172248	0.008593186	0.038565503	0.007369537	0.010322398	0.006134186	0.001107038	0.002205845	0.003096353	0.004704405	0.001826251	0.00211775	0.001883114	0.001570794	0.00067161	0.000810815	0.000332977	0.000436755	0.000379825	0.000357555	0.000941344	0.000456061	0.000445865	0.00059833	0.000296694	0.000808373	0.000556246	0.000586088	0.000644441	0.000503787	0.000763782
0.287339631	0.161468963	0.079454011	0.018030584	0.054921735	0.008361049	0.011601594	0.007180323	0.001289866	0.002227644	0.002192553	0.002738212	0.001136863	0.001032666	0.001060631	0.001098478	0.000727199	0.000581322	0.000460116	0.000386641	0.000904335	0.000265059	0.000406209	0.000499504	0.000374799	0.00029402	0.000267012	0.000695644	0.000376204	0.000839052	0.001029672	0.000975422	0.000790107
0.408325742	0.246649374	0.115792001	0.031250593	0.082122519	0.012133157	0.012436958	0.006182857	0.001625849	0.001404464	0.001898221	0.00243552	0.000916517	0.001503166	0.00152109	0.0013146	0.000985428	0.000335924	0.000317837	0.000663958	0.00056695	0.000413675	0.000594793	0.000398779	0.00035289	0.000434473	0.000455652	0.000648512	0.000826146	0.000820079	0.000574809	0.000494877	0.000921785
0.698515721	0.413116031	0.129831959	0.057149591	0.094250062	0.016271588	0.010225092	0.006024394	0.001610357	0.000810042	0.000879248	0.00094663	0.002109504	0.002597237	0.001997107	0.001274861	0.001370793	0.000780523	0.000464487	0.000354394	0.000704928	0.000566504	0.000553432	0.00091142	0.000522054	0.000517076	0.0009277	0.001060354	0.000783054	0.001139563	0.000999607	0.000807942	0.000753394
0.913311427	0.560210233	0.17397892	0.080862092	0.103312521	0.016474202	0.005520269	0.00478739	0.001566162	0.000794816	0.000332148	0.000968718	0.002820087	0.002982963	0.003491501	0.001151505	0.001220499	0.001067578	0.000575044	0.000605981	0.000637989	0.000742897	0.001092592	0.000967647	0.00085481	0.001014063	0.000716567	0.000345136	0.000529269	0.001024053	0.000839511	0.000548937	0.000738083
1.314883911	0.809643011	0.183255232	0.113794325	0.113836347	0.017717457	0.00520388	0.004948842	0.001020153	0.001053725	0.00142198	0.002372422	0.005573354	0.003593946	0.003350651	0.000930021	0.001039489	0.000972042	0.000661299	0.00047662	0.000367151	0.001207574	0.000634959	0.001031725	0.000733719	0.000609775	0.000899398	0.000641399	0.000768863	0.000465567	0.000384186	0.000539831	0.000840408
1.69867168	1.039008144	0.214152593	0.133814284	0.136922729	0.021586803	0.002549272	0.002733638	0.001312978	0.001334016	0.002170578	0.004379625	0.004064047	0.003453929	0.003348736	0.000628666	0.000960303	0.000628666	0.000723898	0.000749917	0.000964368	0.000675177	0.000828393	0.000817187	0.000407849	0.000561212	0.000780979	0.000409234	0.000615148	0.000572607	0.000613572	0.000387651	0.000589046
2.116037084	1.312895911	0.171447003	0.199612981	0.110143341	0.020863299	0.002141204	0.002475235	0.000732779	0.002498534	0.004631522	0.007096309	0.001774077	0.003426242	0.001770664	0.000822669	0.00047741	0.00059591	0.00132871	0.001906438	0.001105909	0.00050408	0.001111976	0.000639581	0.00099494	0.000700148	0.000829128	0.001746369	0.000664194	0.001106133	0.000863209	0.000742364	0.000555886
2.979447082	1.80832698	0.159054461	0.261556935	0.10705765	0.020904825	0.001517261	0.000971903	0.000673414	0.002942442	0.003743912	0.005822242	0.00092757	0.001380476	0.001068514	0.000544434	0.000696451	0.000551828	0.000571168	0.001665581	0.000359282	0.001203129	0.000800545	0.000442188	0.000828566	0.00039743	0.00053154	0.001166557	0.000974669	0.000953348	0.000579402	0.000725741	0.000439017
3.198665267	1.918842573	0.122024381	0.289738162	0.082180424	0.017110447	0.001864273	0.000890787	0.00151136	0.002018942	0.004526991	0.006563743	0.001149079	0.001872699	0.00077173	0.000732347	0.001450647	0.000701269	0.000668309	0.000652105	0.0008567	0.000323919	0.000896756	0.00036181	0.000473938	0.000843098	0.000477989	0.000695129	0.000805533	0.001057972	0.000653749	0.000831462	0.000484031
4.269237328	2.562169589	0.096998137	0.395777856	0.057098408	0.019687764	0.004832344	0.002246459	0.002277186	0.002650095	0.003521098	0.007047598	0.002161483	0.001815699	0.001524164	0.001614497	0.000569536	0.000764783	0.000571787	0.000650882	0.000811351	0.001125839	0.001125839	0.001143123	0.00066448	0.00090954	0.000633023	0.000463593	0.000738235	0.000865316	0.000508842	0.000828534	0.00043615
4.370230889	2.597947812	0.054674687	0.395616856	0.037381734	0.015129348	0.006541366	0.001093111	0.002385296	0.001395367	0.002306605	0.004834404	0.004784175	0.003604108	0.003015324	0.001332404	0.000686312	0.000594414	0.000973464	0.000590594	0.001304655	0.000994622	0.001665093	0.000604961	0.000709328	0.001022874	0.000763711	0.000775181	0.001054785	0.000751012	0.000921453	0.000460726	0.000197078
5.521566071	3.410596502	0.028339827	0.501799221	0.021503791	0.013496471	0.008519088	0.001417993	0.002891032	0.000629542	0.001154049	0.002687366	0.007759844	0.004059608	0.002824482	0.000301092	0.000693927	0.000863092	0.001810828	0.000964881	0.001475986	0.000757815	0.001166051	0.001272531	0.00076146	0.000510483	0.000446521	0.000607166	0.00036168	0.000726932	0.000679414	0.000540574	0.000870158
5.598458754	3.3421719	0.004959626	0.503951728	0.008624006	0.013301284	0.009727364	0.003520464	0.002369134	0.000953957	0.000948473	0.001838699	0.006129458	0.007259544	0.003853526	0.000498223	0.000623637	0.000719581	0.00163318	0.000979544	0.000590892	0.000463961	0.000684627	0.000558188	0.000443784	0.000444647	0.000823825	0.000274564	0.000750828	0.000750828	0.000946871	0.000412859	0.000339542
7.013810538	4.194746723	0.001504442	0.627792031	0.001672524	0.014390407	0.01254151	0.00430966	0.002556809	0.002185502	0.001776287	0.003145968	0.007095011	0.00539433	0.004237625	0.00075179	0.00045006	0.000663497	0.001015918	0.000836262	0.000808105	0.001236169	0.001264326	0.001000198	0.000509714	0.000659275	0.000253324	0.000450613	0.000891458	0.000925457	0.000630785	0.000875385	0.000487039
10.51162472	4.710977389	0.018367489	0.686271433	0.005556001	0.014040908	0.01430531	0.003488857	0.001373639	0.002242298	0.005181657	0.003385813	0.005669286	0.004587641	0.003282768	0.000944324	0.000600914	0.000796549	0.000745133	0.000449797	0.000377687	0.002208021	0.001469786	0.001534997	0.000628392	0.000281379	0.000483379	0.000663828	0.000403117	0.001124555	0.000495042	0.001381552	0.000655838
7.520087463	4.516844245	0.057459993	0.656924896	0.024348545	0.015179869	0.012247963	0.006382375	0.002660358	0.005393148	0.005888846	0.00634	0.002289176	0.002950386	0.002047487	0.000975406	0.001008222	0.000628392	0.000775773	0.000852442	0.000817162	0.001008222	0.000870082	0.000887378	0.001087421	0.000559974	0.000653167	0.000669291	0.000866784	0.000793989	0.000533762	0.000799144	0.000331509
11.15699183	5.506202389	0.132138023	0.807875549	0.05789471	0.014479265	0.01427648	0.007455705	0.001576011	0.006462668	0.011229558	0.012608466	0.002061029	0.001746541	0.001794924	0.001671586	0.000874461	0.000556401	0.00157363	0.001334097	0.00157482	0.000654358	0.000385871	0.00074517	0.000572888	0.000484258	0.000952526	0.00097103	0.001213697	0.00077716	0.000485546	0.000558832	0.000537432
11.76463889	5.88334461	0.220450877	0.893618504	0.105802696	0.017086554	0.015222159	0.010500639	0.002397306	0.007312605	0.012808862	0.014181003	0.001646706	0.000726615	0.000847679	0.000767045	0.000791031	0.000629536	0.003777443	0.002356876	0.001993682	0.000653749	0.000476263	0.001081359	0.000717149	0.00032946	0.000901226	0.001507518	0.001655826	0.001120779	0.000493529	0.000395801	0.000825807
12.12247697	5.571562005	0.350577419	0.800173137	0.165286175	0.018376169	0.015114809	0.017537867	0.004962196	0.007298099	0.012885595	0.016728489	0.003547054	0.00389605	0.002456678	0.000416615	0.00085746	0.000533073	0.000731612	0.003135134	0.002844367	0.000733303	0.000925457	0.000353691	0.001109418	0.000600194	0.001018448	0.000784653	0.000673514	0.001311677	0.000585848	0.000818807	0.000513107
14.13380864	6.751907026	0.511078865	1.020957341	0.24705847	0.021035867	0.015749639	0.019353591	0.010899889	0.00505594	0.007908181	0.013373262	0.007665693	0.006016778	0.003673761	0.00131252	0.001036672	0.000842682	0.001376154	0.000963926	0.001773247	0.001633779	0.002103617	0.000712326	0.000589104	0.000582355	0.000727944	0.000702257	0.000439232	0.000543316	0.001050626	0.001140704	0.001003229
14.80937114	7.082976217	0.708858123	1.076615304	0.336442102	0.022213052	0.019446866	0.021752021	0.020951283	0.001667522	0.00549461	0.012701253	0.009498301	0.011051248	0.005130639	0.000915313	0.000849268	0.000312068	0.000651775	0.000845893	0.000787241	0.001193019	0.00123413	0.001327815	0.000849876	0.001043746	0.000485335	0.000648875	0.000914563	0.000917591	0.002496867	0.001712586	0.001541582
16.42857893	7.467826958	0.914118682	1.108033047	0.448743629	0.019179731	0.019422518	0.023622742	0.036636151	0.001480643	0.001820786	0.004175584	0.011584088	0.011611698	0.008531765	0.000631127	0.000534132	0.000631007	0.001068059	0.000707483	0.001095532	0.001383528	0.000412378	0.000558291	0.00070776	0.000463705	0.000951815	0.001798206	0.001553885	0.001065242	0.001853789	0.001534875	0.001163627
19.11920814	9.001041615	1.163989432	1.204481679	0.568616741	0.022543202	0.020297894	0.032720304	0.049169626	0.00089738	0.001045688	0.001898006	0.012563219	0.012807274	0.009390501	0.001212776	0.000531297	0.00092366	0.001432426	0.001653951	0.001432426	0.000933035	0.000852318	0.000585733	0.000872204	0.000624684	0.000607008	0.001619149	0.001856957	0.002064923	0.001948576	0.001299783	0.001784685
18.07681436	8.219554162	1.388449601	1.213905956	0.694108193	0.025602044	0.020470801	0.038000852	0.067982611	0.008831531	0.005999378	0.001489322	0.00953283	0.014708834	0.009202527	0.000725714	0.000527023	0.000561548	0.003795279	0.00318827	0.003306976	0.000470627	0.000676884	0.000708038	0.000476058	0.000561729	0.000811969	0.002629657	0.003003809	0.003548993	0.002345682	0.002006531	0.00333881
18.5372989	8.616945994	1.659517871	1.282817558	0.794040111	0.027322942	0.017291101	0.035168735	0.09346643	0.020930127	0.016625669	0.006801614	0.007735698	0.008743051	0.011472417	0.002948791	0.001276006	0.001276006	0.00269836	0.004322489	0.004078259	0.001178314	0.00106221	0.000630737	0.000949692	0.000865705	0.000485546	0.001829629	0.00185916	0.003327455	0.002376703	0.001300538	0.001786725
17.78854005	8.951454602	1.920212607	1.293445222	0.952078444	0.025815089	0.019072765	0.042964043	0.116299027	0.043086186	0.034755996	0.020074342	0.005123973	0.007346985	0.012089183	0.004491854	0.002952846	0.001368008	0.004575841	0.005504132	0.004733113	0.002157399	0.00193754	0.00193754	0.000908876	0.000561939	0.00069876	0.002172703	0.001433477	0.002813802	0.002576514	0.0024086	0.000921684
19.19550636	12.35672709	2.156792209	1.309729494	1.058811291	0.027603445	0.016389088	0.041774094	0.14969091	0.076956393	0.06273688	0.038158135	0.005072115	0.006000537	0.008644095	0.009596949	0.006408204	0.003872845	0.001651613	0.002384578	0.003674596	0.003552435	0.003122429	0.002975836	0.000647212	0.000702607	0.000641243	0.001482616	0.00128084	0.001231792	0.001469399	0.001980037	0.002373766
19.38170039	12.39093986	2.406837274	1.345317341	1.193706541	0.025949096	0.016786478	0.053032052	0.193881574	0.110416225	0.104943088	0.077479665	0.008220578	0.005337567	0.008471896	0.009346151	0.008485005	0.008014797	0.001448646	0.002335399	0.002112005	0.006554747	0.005045829	0.004966559	0.001433902	0.001099492	0.000618483	0.00089866	0.001067684	0.001598622	0.001926798	0.001667776	0.00160891
20.4930742	12.40244887	2.562262733	1.390008616	1.278642276	0.024732542	0.010659042	0.046649086	0.1842037	0.150587745	0.147338135	0.100638713	0.010741466	0.00863256	0.005422692	0.01294045	0.013216869	0.013444422	0.001717976	0.001415653	0.002614348	0.006542033	0.004690327	0.007351818	0.001810302	0.001397559	0.001009245	0.001326003	0.001140311	0.001571988	0.001036006	0.001866715	0.000977304
23.4946731	14.08962161	3.182056813	1.613375636	1.547961573	0.025039529	0.006969937	0.040513599	0.229716728	0.185060392	0.201843162	0.136788555	0.020684175	0.011024224	0.004122416	0.017304954	0.020278677	0.024097265	0.004033347	0.006701218	0.002760485	0.004062878	0.005083797	0.006606053	0.003385394	0.003252104	0.00200098	0.000798423	0.000829351	0.001162513	0.000563603	0.000686947	0.00064979
21.00463582	14.13070268	2.920987957	1.622409132	1.438725243	0.022624896	0.003658515	0.04522935	0.230826605	0.254934393	0.266092875	0.194824381	0.023679765	0.017841188	0.004920269	0.02107612	0.021310808	0.032104816	0.012615907	0.012209496	0.004222747	0.003718209	0.002982254	0.004713384	0.007989309	0.006836671	0.005223656	0.002176902	0.000859783	0.001126793	0.000682081	0.000839448	0.000682081
21.16610376	14.20198647	3.111167288	1.658963022	1.488866644	0.024256635	0.003018674	0.039491748	0.264397644	0.273520648	0.270430599	0.176801274	0.028063469	0.023600063	0.001207268	0.026518444	0.032477825	0.03904473	0.018202032	0.018167625	0.013885772	0.001974198	0.003918291	0.004267212	0.010304615	0.009988501	0.007757652	0.001252077	0.001119853	0.001956231	0.000573061	0.000660482	0.000848969
21.07479375	15.78410247	3.103473512	1.607053628	1.515893504	0.024978027	0.001253021	0.047714698	0.312418764	0.28309203	0.303120641	0.221241129	0.038325059	0.027794652	0.001375409	0.027587566	0.030406771	0.042615153	0.028984911	0.02524511	0.016275264	0.000958657	0.001814097	0.002304393	0.010460465	0.008697278	0.01016644	0.001744552	0.000996978	0.001695687	0.000466493	0.000548589	0.000621886
18.54249036	13.58924623	3.127981716	1.425674644	1.518121022	0.020163292	0.00050129	0.047404186	0.32308768	0.307987393	0.304042557	0.232055422	0.041943721	0.025846812	0.001324076	0.026973909	0.03187529	0.053338155	0.028223515	0.026802394	0.015407959	0.001227031	0.00112806	0.002865781	0.010392311	0.012295886	0.008013815	0.003934622	0.003873205	0.003529987	0.000511201	0.001023635	0.001049269
21.11476923	15.78961708	3.116717959	1.657542818	1.526801184	0.028834531	0.000817102	0.050023113	0.323246331	0.293077876	0.294057371	0.230071841	0.038017299	0.023220479	0.001931283	0.027117194	0.033190064	0.048837502	0.027750645	0.029247596	0.018399685	0.000728181	0.001116759	0.003333504	0.009811018	0.006678626	0.005945561	0.001224494	0.001752844	0.002550582	0.000633558	0.000941644	0.00076409
21.04123845	15.79174079	3.064918978	1.648263175	1.533717608	0.021946858	0.001659724	0.04262663	0.28538593	0.266395803	0.278631709	0.224402171	0.031418539	0.022732135	0.002594012	0.027575375	0.032030335	0.041182793	0.023513054	0.016539677	0.012845523	0.002765315	0.001907712	0.003230279	0.003829143	0.005110652	0.0036385	0.001701932	0.000761937	0.001604083	0.000662322	0.00068308	0.001068817
20.94767402	15.80773416	3.002745061	1.664355001	1.489282847	0.020887295	0.004112618	0.045173986	0.2733633	0.278058253	0.288705736	0.223060229	0.023973338	0.018911591	0.002420835	0.023997791	0.028056969	0.038571708	0.014725169	0.011116102	0.00558975	0.003105516	0.00380967	0.004840766	0.002892885	0.001392659	0.000977304	0.000649853	0.000984926	0.000355364	0.001022482	0.000876717	0.000752057
20.89814582	15.83679763	3.280166356	1.633296624	1.619642284	0.026624748	0.006636152	0.043666155	0.25347883	0.222351682	0.219077712	0.156041573	0.019850705	0.014841248	0.004425975	0.026217145	0.025183995	0.035001643	0.007227294	0.006323287	0.004183054	0.005233656	0.004539707	0.006386748	0.000992753	0.00149545	0.001115331	0.00058194	0.000806486	0.001263953	0.000682173	0.000550198	0.000515677
20.60323194	13.95578475	2.681733723	1.404349688	1.33602478	0.027015653	0.008114145	0.043048839	0.232211016	0.167171195	0.165479621	0.117968436	0.009707912	0.007526026	0.003873205	0.019354663	0.01837404	0.018104369	0.001863184	0.001385002	0.002647682	0.003333863	0.004093846	0.005025438	0.000643529	0.000517923	0.000769613	0.000974705	0.000491699	0.001209687	0.000393629	0.000500843	0.000598133
20.41239139	14.03824024	2.523762338	1.39284441	1.242672498	0.024644084	0.013952505	0.045523452	0.227588178	0.139368652	0.143007148	0.094979005	0.006801393	0.005209551	0.007829968	0.013404653	0.012101114	0.01203322	0.000514287	0.00148709	0.002424498	0.006717496	0.005062612	0.004632222	0.000157202	0.001090375	0.000887854	0.00106703	0.001334681	0.001044485	0.000542746	0.000831133	0.000466959
19.32573329	12.48575784	2.297408027	1.363926883	1.14797375	0.022512522	0.016225712	0.043378859	0.173738424	0.08775346	0.090297539	0.052870229	0.004910098	0.004934561	0.008935949	0.006265953	0.008163584	0.005899019	0.002170321	0.002142254	0.003561067	0.003686984	0.003770799	0.002914619	0.000819623	0.001097178	0.001248328	0.000605229	0.001243255	0.000730951	0.000600613	0.000417227	0.000765671
19.31810642	9.279095705	2.049879215	1.321159768	1.013287652	0.025169882	0.017424825	0.040488969	0.136556993	0.056687621	0.052387527	0.031191319	0.004325592	0.005917186	0.011334188	0.00517086	0.003960319	0.001470497	0.00299638	0.00338502	0.003300646	0.002496656	0.001405999	0.001199463	0.000949197	0.000561237	0.001240784	0.000814147	0.001076034	0.000515677	0.000828547	0.000560978	0.000342006
18.76500606	8.923274415	1.807666539	1.306945446	0.904562852	0.02422587	0.0211525	0.038085986	0.110778391	0.027959317	0.026666032	0.010731778	0.00663354	0.008000031	0.010025364	0.003364957	0.00163121	0.000707647	0.005047435	0.004681411	0.005902725	0.001655611	0.001191981	0.000753984	0.000682293	0.000633558	0.000520414	0.000592679	0.000734141	0.000579264	0.001032249	0.000674462	0.000533927
18.41364409	9.158382705	1.66658174	1.342833517	0.814372902	0.023424265	0.021674143	0.038995175	0.090337754	0.014408245	0.009587803	0.003495897	0.011464109	0.01138666	0.010416302	0.001672672	0.001477731	0.000897255	0.00441752	0.002886707	0.005611533	0.000609191	0.000305452	0.000819805	0.000651601	0.000848043	0.000754289	0.000475583	0.000534122	0.000748315	0.00043923	0.000270607	0.000426395
17.76955974	8.240917556	1.301871503	1.212962717	0.622986983	0.021137279	0.017537944	0.030432067	0.061674235	0.00357143	0.002937013	0.000898494	0.010139257	0.012767103	0.011503631	0.000265864	0.000848043	0.000875949	0.002356621	0.001550095	0.002452162	0.000702052	0.000312741	0.00055606	0.000456297	0.000757371	0.00082494	0.00107089	0.000930066	0.000610439	0.000585415	0.00067524	0.000707947
16.92272881	7.746765113	1.027915673	1.142802892	0.50301543	0.023885439	0.018856542	0.030930754	0.038559129	0.000974956	0.000659132	0.004134264	0.013706174	0.010134928	0.007631564	0.000512304	0.000460527	0.000970705	0.000634838	0.000901011	0.001168247	0.000388707	0.001364726	0.000657006	0.000521787	0.001076034	0.000540041	0.000696953	0.000725612	0.001461995	0.000436519	0.000939579	0.00074111
15.04235431	7.35599796	0.797565416	1.093336001	0.391599579	0.018436916	0.01751111	0.022203071	0.025248485	0.002420063	0.003000735	0.007849034	0.011347193	0.01029957	0.006878549	0.000588767	0.000686221	0.000613131	0.000481156	0.000808037	0.000564404	0.000623288	0.000627336	0.000783674	0.000719744	0.000466596	0.000476521	0.000650323	0.000386226	0.000553766	0.000844316	0.000978423	0.000719072
14.47827947	6.823609646	0.600770085	1.025340387	0.28951744	0.019953241	0.018396612	0.017812877	0.018445257	0.004567141	0.005831902	0.015050058	0.006409844	0.006889456	0.004035638	0.001001687	0.000681025	0.00057381	0.001380918	0.001001687	0.001599819	0.001080107	0.002280844	0.000782786	0.000801183	0.000698399	0.000481254	0.000552468	0.000950728	0.000776477	0.001100583	0.000784974	0.000515391
14.42572955	6.736504823	0.444495496	0.978909142	0.208559106	0.016479285	0.013187422	0.015158275	0.009365747	0.009448565	0.009195799	0.015813788	0.003670333	0.00285323	0.002806298	0.000679792	0.000446992	0.000661185	0.001363896	0.002310749	0.002432141	0.000738332	0.000475583	0.000349879	0.000644499	0.001080716	0.000930066	0.000708379	0.001182758	0.000463099	0.000526363	0.000387769	0.000688882
10.50440621	6.183821868	0.296442874	0.922220447	0.137175187	0.015034417	0.01375	0.009543062	0.003625316	0.008563864	0.011350807	0.017579016	0.002214483	0.002147025	0.001729797	0.001134711	0.000523402	0.000687	0.00259765	0.003086917	0.002442418	0.00069755	0.000602361	0.00054298	0.000851019	0.000938823	0.000716668	0.000770936	0.001289486	0.000343019	0.000820904	0.000722677	0.000486674
9.688401307	5.729075488	0.180054812	0.84374788	0.083113055	0.014228293	0.010890478	0.009947623	0.002381103	0.007697785	0.010817917	0.013410405	0.001438249	0.001514841	0.000736383	0.001418093	0.000701425	0.000624392	0.00122349	0.000885095	0.00146956	0.000996142	0.000769514	0.000749799	0.000579339	0.000749746	0.000411798	0.000800898	0.000917278	0.000267422	0.000957119	0.000492326	0.000492326
9.033188393	5.375460979	0.094740286	0.791443373	0.037723701	0.014889533	0.012377632	0.007308418	0.001590315	0.005499418	0.008227138	0.01061691	0.00232235	0.002027049	0.002064866	0.001901257	0.000673029	0.000552333	0.000769585	0.001492325	0.000986837	0.000532494	0.000912987	0.001421341	0.000758015	0.000656032	0.000409514	0.0006715	0.000239821	0.000885003	0.00072091	0.001088647	0.000636459
8.271267305	4.928668908	0.033265415	0.712890153	0.014283234	0.012615461	0.008614625	0.004617625	0.001917515	0.003839638	0.006430199	0.005740348	0.00312437	0.003202265	0.003956233	0.000784057	0.000772648	0.000833289	0.000436455	0.000693405	0.000589939	0.001636475	0.001884574	0.001612386	0.000522455	0.000415023	0.000480758	0.001438453	0.00058997	0.000466776	0.000695418	0.00066607	0.000674282
7.568402751	4.530421116	0.003948751	0.677049951	0.00309974	0.014082388	0.010508426	0.004461559	0.002800601	0.002360615	0.002673108	0.003016018	0.006254755	0.00699993	0.003809268	0.000823667	0.000384606	0.00055925	0.00071966	0.001158721	0.000804531	0.000931099	0.001326986	0.000854084	0.000478968	0.000653345	0.000789294	0.000550325	0.000690985	0.000797068	0.000514343	0.000608681	0.000476604
6.109573237	3.674163976	0.003005736	0.514267304	0.003800764	0.011989095	0.008517014	0.00433365	0.004445507	0.001492671	0.000911921	0.000895603	0.008252005	0.005942063	0.005240535	0.000385468	0.000714151	0.000530019	0.000930977	0.000879926	0.001897515	0.000893054	0.00078598	0.000753344	0.001264001	0.000295094	0.000357234	0.000991836	0.000868647	0.000552153	0.000291792	0.00031823	0.000339242
6.022967633	3.578623239	0.017077164	0.530896672	0.013687917	0.014505182	0.009529479	0.002033192	0.003928808	0.000871988	0.000590959	0.001462946	0.006439361	0.001763071	0.004458194	0.00060093	0.000862016	0.000456707	0.001456298	0.000498134	0.001943691	0.000411957	0.001147139	0.000687108	0.000505961	0.000427007	0.000782923	0.000530895	0.000976936	0.000871372	0.000477153	0.000403828	0.000344952
4.744146687	2.88605347	0.044865904	0.431050231	0.031100158	0.016303181	0.007472425	0.002335957	0.003561711	0.000730287	0.00216688	0.003270058	0.003561711	0.00490471	0.002775041	0.000825532	0.000379942	0.000453515	0.000974599	0.001652432	0.001218417	0.000593117	0.001088886	0.000854394	0.000547436	0.000620054	0.000702919	0.000957861	0.00060677	0.000640829	0.00061743	0.00020581	0.000211356
4.14396316	2.509750808	0.08447128	0.364275542	0.046501395	0.018917689	0.005304038	0.001980863	0.003842098	0.001760573	0.001808424	0.004727344	0.003318215	0.000521403	0.002741522	0.001268316	0.000598787	0.000717573	0.000445509	0.00046898	0.00065818	0.001398123	0.000473001	0.000826113	0.000692195	0.000731093	0.001235284	0.000560894	0.000604006	0.000388063	0.000207274	0.000278123	0.000285259
3.539590085	2.19740096	0.124344548	0.325515913	0.074076902	0.020252807	0.002878923	0.001308888	0.001632376	0.003022496	0.003031484	0.008037886	0.001987822	0.001605921	0.001598849	0.001924172	0.001049049	0.000404427	0.000334163	0.001121833	0.00056298	0.001306269	0.001117937	0.000823523	0.000714139	0.000679149	0.000467488	0.000302297	0.000154519	0.000249769	0.000272471	0.000375036	0.000330446
2.967632305	1.849049164	0.159451109	0.282275021	0.107160395	0.022366573	0.001555543	0.00118233	0.001392507	0.004793464	0.004912523	0.008512235	0.001412619	0.00166294	0.001405277	0.001535944	0.000981956	0.000664465	0.000692973	0.000552153	0.000985627	0.000900962	0.00124329	0.001154955	0.000919745	0.000639131	0.00060038	0.000487628	0.000303052	0.000303052	0.0002785	0.000408388	0.000363934
2.458921681	1.559690562	0.1697407	0.224169606	0.099793855	0.021401873	0.001576915	0.001583062	0.001061388	0.003335428	0.004143863	0.008339171	0.002449457	0.002781984	0.001753735	0.000976836	0.000501797	0.000793736	0.000780774	0.001350821	0.000892485	0.000829146	0.000615346	0.001055241	0.000771748	0.000391309	0.000577422	0.000390425	0.000326903	0.000324037	0.000431794	0.000429452	0.000371121
2.247541322	1.390579643	0.181619809	0.200853093	0.114197639	0.021751064	0.002969837	0.001401706	0.000704235	0.002327561	0.002627564	0.005332905	0.003148538	0.003414709	0.002506548	0.000822231	0.000877425	0.000831048	0.000936725	0.001511489	0.001152186	0.000873319	0.00116511	0.001067644	0.00056129	0.000519106	0.000394561	0.000437389	0.000394624	0.000249113	0.000260749	0.000325936	0.000272059
1.603762457	1.012565048	0.18952561	0.142366059	0.119467629	0.019889553	0.004145449	0.002733468	0.000852344	0.001052236	0.001621704	0.003419319	0.005236381	0.00418798	0.003550244	0.000927392	0.000964019	0.000781872	0.000519389	0.000767839	0.000716961	0.000839505	0.000819076	0.000613581	0.000443947	0.000464958	0.000449375	0.000249872	0.000421451	0.000482208	0.000212145	0.000389493	0.000503216
1.195072255	0.775564809	0.180478181	0.108105478	0.118810629	0.017547675	0.00685303	0.002850417	0.00126408	0.000712013	0.000685925	0.001883907	0.003664422	0.003969083	0.003491255	0.001400302	0.001237641	0.000570364	0.000418208	0.000370408	0.000528692	0.000685925	0.000869947	0.000948913	0.00060791	0.000485351	0.000314686	0.000578078	0.000451723	0.000222741	0.000335221	0.000410587	0.000146174
0.867268846	0.561156555	0.162308676	0.077869325	0.107157555	0.016915028	0.009247294	0.004617323	0.001346582	0.000934081	0.000407803	0.00088568	0.002212037	0.003228116	0.002208062	0.001212933	0.001434357	0.000592379	0.000400336	0.000317502	0.000617304	0.000447641	0.00064562	0.000656351	0.000299818	0.000294919	0.000478036	0.000282409	0.000333775	0.000163375	0.000359193	0.000359193	0.000291033
0.603762937	0.388108362	0.137503665	0.050138807	0.090750305	0.014024353	0.012211762	0.005589414	0.000857673	0.000868766	0.000873665	0.000941883	0.001271235	0.000748321	0.00214245	0.000873665	0.000450952	0.000346498	0.000331154	0.000305364	0.00070164	0.000334312	0.000508725	0.000339211	0.000185429	0.000317565	0.000358478	0.000296648	0.000194287	0.00022071	0.000237461	0.00019413	0.000235073
0.380969264	0.250421278	0.104497478	0.03225207	0.070722985	0.011028336	0.012472706	0.007232377	0.001949284	0.001860839	0.002425665	0.003058016	0.000928996	0.000898543	0.001374924	0.001164803	0.000469694	0.00033941	0.000525833	0.00039555	0.00074734	0.000725693	0.000415873	0.000651217	0.000712588	0.000277382	0.000323797	0.000440418	0.000380159	0.000302946	0.000187841	0.000331517	0.000187018
0.205198853	0.130025317	0.063140771	0.014142444	0.047069706	0.006948366	0.011050618	0.006688924	0.001184561	0.001991738	0.003083143	0.003548727	0.001497731	0.001556532	0.001490169	0.000827843	0.000756147	0.000574386	0.000393445	0.000287604	0.000506093	0.001114677	0.000548571	0.00085105	0.000377711	0.000375095	0.000407609	0.000277411	0.000320283	0.000171296	0.000153314	0.000213245	0.000285394
0.117971799	0.065114949	0.04210671	0.005893238	0.030768503	0.0060546	0.010942244	0.005751633	0.001113638	0.001587977	0.002121601	0.003627677	0.002549118	0.002914497	0.002620624	0.001158511	0.001194781	0.000734874	0.000291394	0.000409565	0.000437651	0.000583907	0.000369763	0.000418927	0.000258032	0.000276211	0.000343625	0.000340544	0.000205498	0.000256087	0.00028079	0.000256081	0.000256081
0.063682293	0.028996979	0.018438369	0.001360767	0.017473591	0.003486933	0.008790592	0.005079319	0.000577023	0.00169741	0.001583296	0.00227575	0.00274726	0.002726246	0.003022674	0.001347297	0.001108696	0.001246159	0.000357101	0.000305765	0.000381984	0.00033065	0.000343625	0.000496633	0.000485247	0.000275217	0.000401435	0.000287376	0.000262192	0.000278338	0.00028533	0.000123448	0.000285384
0.057809537	0.016695066	0.006408965	0.001054305	0.006879743	0.00213455	0.006068561	0.004216382	0.000719057	0.000821494	0.000823599	0.002053895	0.002607397	0.001964763	0.00263271	0.000881525	0.001305741	0.000642559	0.000448348	0.000359842	0.000396612	0.000696275	0.000522496	0.000890838	0.000303517	0.000302946	0.000382699	0.000297494	0.000232417	0.000180833	0.000298232	0.00028974	0.000236511
0.089146851	0.03077124	0.005459636	0.005597108	0.004908923	0.002067095	0.004262328	0.004190195	0.000792574	0.000503216	0.000352157	0.000769652	0.001330376	0.001983765	0.001115402	0.001044595	0.001042055	0.000557507	0.000217225	0.00031736	0.000248497	0.000604178	0.000493724	0.000279197	0.000296034	0.000292348	0.000328722	0.000457035	0.000368012	0.000280739	0.000240752	0.000315428	0.000334805
0.146011791	0.061470996	0.015387464	0.01216562	0.011476556	0.003620306	0.004209755	0.003673363	0.001405095	0.001135929	0.000717873	0.00093854	0.000621943	0.0009786	0.000857548	0.000640566	0.00086686	0.000498078	0.000341719	0.000416213	0.000323096	0.000282163	0.000270912	0.000241231	0.000492385	0.000337484	0.000563579	0.000264392	0.00022671	0.000206325	0.000234389	0.0003992	0.000265312
0.230337001	0.111727919	0.030465787	0.022058079	0.0221634	0.005710303	0.006527849	0.004391083	0.001888868	0.00197248	0.002015898	0.0014399	0.000817451	0.001164414	0.001458481	0.00054187	0.001068289	0.000879355	0.00054187	0.00031587	0.000340612	0.000380902	0.00033445	0.000278709	0.000554899	0.000435699	0.000416502	0.000269213	0.000193474	0.000252366	0.000438112	0.00032987	0.000382704
0.328115433	0.168473325	0.046634248	0.036039253	0.032989357	0.009229836	0.008821947	0.006758439	0.002352661	0.003306178	0.00262281	0.002406969	0.002009007	0.002128863	0.002259959	0.001566014	0.001345706	0.00078047	0.000448291	0.000332414	0.000315187	0.000527088	0.000445626	0.000352924	0.00043785	0.000281286	0.0002984	0.000192606	0.000307928	0.000261623	0.0003011	0.000218986	0.000320742
0.420598826	0.227971243	0.07149852	0.050255565	0.046629852	0.011845804	0.010821529	0.005958077	0.002610443	0.002102865	0.001678507	0.003041831	0.001850627	0.001613984	0.002328551	0.000864788	0.000709669	0.001149149	0.00040459	0.000365323	0.000187018	0.000361509	0.000230099	0.000272356	0.00028452	0.00039129	0.000310704	0.000339485	0.000381041	0.000449159	0.000332343	0.000273306	0.000196981
0.475516943	0.264962435	0.073947305	0.06103073	0.049354349	0.014540779	0.013593804	0.008368961	0.002425371	0.001427252	0.001094121	0.001461176	0.001153	0.001199402	0.001492214	0.00089315	0.000602262	0.000773467	0.000406415	0.000448598	0.000334265	0.000326703	0.000318266	0.000229244	0.00028079	0.000236426	0.000272928	0.000441605	0.000175348	0.000244582	0.000134504	0.000352731	0.000226772
0.549727569	0.288791832	0.079237936	0.073686709	0.056342284	0.016363343	0.011799937	0.005812923	0.00228788	0.000714331	0.000804745	0.000845179	0.000571689	0.000266189	0.000632902	0.000580113	0.000311116	0.000691306	0.000682882	0.000258327	0.000371767	0.000335825	0.000251588	0.000344249	0.000277665	0.000286039	0.000286	0.000371808	0.000502548	0.000319798	NaN	NaN	NaN
0.60794629	0.363324025	0.070165997	0.081380796	0.054702532	0.016080365	0.009447937	0.006133155	0.001388109	0.000807598	0.000866471	0.00044589	0.000858038	0.000790792	0.000685646	0.000647767	0.000773926	0.001194606	0.00039545	0.000511813	0.00023552	0.000311259	0.000244012	0.000252347	0.000281598	0.000289653	0.000298232	0.000244571	0.000328478	0.000269572	NaN	NaN	NaN
0.627710201	0.37622755	0.047859553	0.094488401	0.045069224	0.014449839	0.006281962	0.004534067	0.00194536	0.001836013	0.002004105	0.001440909	0.001401848	0.001425201	0.001016476	0.000441111	0.000609115	0.000449515	0.000230966	0.000377507	0.000562087	0.000466237	0.000163759	0.000349098	0.000147325	0.0002395	0.000307617	0.000301807	0.0002269	0.000305538	NaN	NaN	NaN
0.562339612	0.350884827	0.029877186	0.08637881	0.026738708	0.010716218	0.005104829	0.00486986	0.002044275	0.001746604	0.00220058	0.001497987	0.000415413	0.001100172	0.001275305	0.000199196	0.000347295	0.000592578	0.000238588	0.000455124	0.000331963	0.000378937	0.000385523	0.000286136	0.000363008	0.00045051	0.000247388	0.000234161	0.000320493	0.000259922	NaN	NaN	NaN
0.579768316	0.367517417	0.014159841	0.099823382	0.015048893	0.007547467	0.006101791	0.004661039	0.003112398	0.001886275	0.001843731	0.001588034	0.000418298	0.000574548	0.000808937	0.000443737	0.000699434	0.000637712	0.00030305	0.000193787	0.000419966	0.0003862	0.000319429	0.000188004	0.000296375	0.00018813	0.000207452	0.000212886	0.000268276	0.000238811	NaN	NaN	NaN
0.46896324	0.315221907	0.00457319	0.084853452	0.008697951	0.005408194	0.009052315	0.005633695	0.00323435	0.001030866	0.001109467	0.000931642	0.000294495	0.000321202	0.000439283	0.000663612	0.000761549	0.000475483	0.000332455	0.000353065	0.00055667	0.000315706	0.000386576	0.000234519	0.0003618	0.000302893	0.000265704	0.000244659	0.000251446	0.000374415	NaN	NaN	NaN
0.393375788	0.26915085	0.005815691	0.076841238	0.005321774	0.004624344	0.009420875	0.00752535	0.003439545	0.00118786	0.000901125	0.000357317	0.000461179	0.000745035	0.000411197	0.000389178	0.000385008	0.000350498	0.000570447	0.000443008	0.000450149	0.000426669	0.000204702	0.000145796	0.000407103	0.00036366	0.000216173	0.000280997	0.000273123	0.000223659	NaN	NaN	NaN
0.301947752	0.217289593	0.017176637	0.07004168	0.009563637	0.005145479	0.007768381	0.005873918	0.002674622	0.001842551	0.001807531	0.000692978	0.000626301	0.000514512	0.000502725	0.000430175	0.000352162	0.000312061	0.000495319	0.000166341	0.00026298	0.000274403	0.000348744	0.00036894	0.000284521	0.000288699	0.00024855	0.000302798	0.000307969	0.000178366	NaN	NaN	NaN
0.205511592	0.156995032	0.027009022	0.057982282	0.018536535	0.007844569	0.005660518	0.004359512	0.001752159	0.001618483	0.002015331	0.001679054	0.000345561	0.000309121	0.00028336	0.000428407	0.000435602	0.000437457	0.000253889	0.000402647	0.000363659	0.000280578	0.000430262	0.000373907	0.000445946	0.000376444	0.000212577	NaN	NaN	NaN	NaN	NaN	NaN
0.110533284	0.087673668	0.038738226	0.036755136	0.02749821	0.010595075	0.003566421	0.004508792	0.001698401	0.001719013	0.002200876	0.000872807	0.000804208	0.000618021	0.000472801	0.000429533	0.000236821	0.000251553	0.000573758	0.000434134	0.000376444	0.000414801	0.000328576	0.000222088	0.000315276	0.000230749	0.00034886	NaN	NaN	NaN	NaN	NaN	NaN
0.052558908	0.047876282	0.03654864	0.024837624	0.030689515	0.011971809	0.003904357	0.004299639	0.00326525	0.000927166	0.000743323	0.000567159	0.000434216	0.000460668	0.000444857	0.000466337	0.000350601	0.000492711	0.000494667	0.00046346	0.000351237	0.000270635	0.00032003	0.000393915	0.000276564	0.00029835	0.00020638	NaN	NaN	NaN	NaN	NaN	NaN
0.023501437	0.01794499	0.022827111	0.012570611	0.022352821	0.011990691	0.006477116	0.004958146	0.003550541	0.001334077	0.001123905	0.000739539	0.00028661	0.000397852	0.000288871	0.000300096	0.000311321	0.000388847	0.000359655	0.000188217	0.000242757	0.000238276	0.000291091	0.000175367	0.000389658	0.000221372	0.00024644	NaN	NaN	NaN	NaN	NaN	NaN
0.035457078	0.007826353	0.013874861	0.006937533	0.015214284	0.009402398	0.005049194	0.005251518	0.002843596	0.002081167	0.001320374	0.00096449	0.000481427	0.000469448	0.000173458	0.000219473	0.000346915	0.000318312	0.000201691	0.000277205	0.000399738	0.000275569	0.000411717	0.000370872	0.00024447	0.00054797	0.000246459	NaN	NaN	NaN	NaN	NaN	NaN
0.07410294	0.017221447	0.00364274	0.004254682	0.006066829	0.006231117	0.003433506	0.004008726	0.002047313	0.001190246	0.000762096	0.000653398	0.000592233	0.000445038	0.000270505	0.000225247	0.000480839	0.000475772	0.000381828	0.000215686	0.000372291	0.000455225	0.00030506	0.000286037	0.000236781	0.000401379	0.000320458	NaN	NaN	NaN	NaN	NaN	NaN
0.124977976	0.044345343	0.004635818	0.005608812	0.00334112	0.005241787	0.002027105	0.001897915	0.002302047	0.000501604	0.000825284	0.000617465	0.000329063	0.000395075	0.000528076	0.000423137	0.000427126	0.000212871	0.000383906	0.000322295	0.000352641	0.000313102	0.000315858	0.000346205	0.000231758	0.000425212	0.000320062	NaN	NaN	NaN	NaN	NaN	NaN
0.191928209	0.07436886	0.014305176	0.011387908	0.010232438	0.004388885	0.002477785	0.002915336	0.003090604	0.001065285	0.001035404	0.000974406	0.000535566	0.000730308	0.00050955	0.000490383	0.000440822	0.000314808	0.000222691	0.000248606	0.000223928	0.000220293	0.000182571	0.000239757	NaN	NaN	NaN	NaN	NaN	NaN	NaN	NaN	NaN
