-0.09484069	-0.19079496	-0.28511102	-0.37857442	-0.47354159	-0.56687424	-0.6617056	-0.7556851	-0.81256524	-0.77333428	-0.73744011
-0.09080133	-0.18270681	-0.27376754	-0.36359914	-0.45453148	-0.544233	-0.63581187	-0.72577081	-0.78238492	-0.74541966	-0.71163052
-0.08718022	-0.17584206	-0.26289735	-0.34912368	-0.43682366	-0.52292573	-0.61126623	-0.69723901	-0.75242176	-0.71881628	-0.68707518
-0.08397124	-0.16864686	-0.25325882	-0.33590773	-0.4200174	-0.50292437	-0.58767291	-0.67083675	-0.72420433	-0.69315882	-0.6630716
-0.08078621	-0.16264722	-0.24331522	-0.32317153	-0.40447495	-0.48421564	-0.56577423	-0.64576945	-0.69770899	-0.66877517	-0.64028251
-0.07800056	-0.15631868	-0.23457652	-0.31129018	-0.38943238	-0.46602933	-0.54480065	-0.62202429	-0.67215892	-0.64530027	-0.61835094
-0.07486607	-0.15078392	-0.22590603	-0.29986866	-0.37488139	-0.4491003	-0.52473402	-0.59920636	-0.64790589	-0.62271856	-0.59725853
-0.07212655	-0.14529089	-0.21767235	-0.28890902	-0.36154443	-0.43267293	-0.50592246	-0.57766574	-0.62458551	-0.60135265	-0.57698647
-0.06977037	-0.14020817	-0.20987138	-0.2787642	-0.34832372	-0.4171107	-0.48799204	-0.55702923	-0.60287381	-0.58083745	-0.55720327
-0.06707572	-0.13516357	-0.20248978	-0.26870186	-0.33592408	-0.40238681	-0.47056331	-0.53727371	-0.58169635	-0.56082922	-0.53820872
-0.06475855	-0.13051574	-0.19517269	-0.25942989	-0.32433442	-0.38849028	-0.45433678	-0.51838977	-0.56173479	-0.54132439	-0.51968184
-0.06246092	-0.12590672	-0.18861271	-0.25058037	-0.3131866	-0.37505526	-0.43824766	-0.50070216	-0.54194494	-0.52326785	-0.50161577
-0.06018437	-0.12133961	-0.18176636	-0.24146611	-0.30247311	-0.3620764	-0.42298369	-0.48316449	-0.52333609	-0.5053618	-0.48457882
-0.05826515	-0.11715191	-0.17565593	-0.2331101	-0.29185211	-0.34954509	-0.40852285	-0.4664524	-0.50554765	-0.4879219	-0.46767965
-0.05603006	-0.11333083	-0.16959652	-0.22515811	-0.28165888	-0.33745581	-0.39451726	-0.45054708	-0.48791503	-0.4712414	-0.45093198
-0.05446864	-0.10921531	-0.16391552	-0.21759935	-0.27188408	-0.32612251	-0.38095938	-0.4351043	-0.47139891	-0.45500172	-0.43514916
-0.05227508	-0.10577914	-0.1579642	-0.21010461	-0.26283528	-0.31488613	-0.36815909	-0.42011802	-0.45533759	-0.43919607	-0.41949658
-0.05073586	-0.10205319	-0.15270023	-0.20267849	-0.25386123	-0.30375166	-0.35546745	-0.4058912	-0.43972396	-0.42381095	-0.40449431
-0.04889626	-0.09836357	-0.14747966	-0.19593868	-0.24496734	-0.29333982	-0.34319786	-0.3920935	-0.42455113	-0.40911691	-0.38961302
-0.04707601	-0.09501389	-0.1423056	-0.18925353	-0.23676	-0.28332197	-0.33134171	-0.37841729	-0.41010382	-0.39454439	-0.37534647
-0.04557203	-0.0916933	-0.13747635	-0.18262691	-0.22832534	-0.27368663	-0.32018223	-0.36545782	-0.39606914	-0.38062783	-0.36095177
-0.0437879	-0.08840375	-0.13297708	-0.17635169	-0.22055281	-0.26413387	-0.30911476	-0.35289992	-0.38215039	-0.36682333	-0.34714668
-0.04231015	-0.08543067	-0.12794261	-0.17041355	-0.21284339	-0.25523208	-0.29814388	-0.34044946	-0.36863589	-0.35338807	-0.33389766
-0.04084379	-0.08248014	-0.12352067	-0.16424383	-0.20548022	-0.24584642	-0.28782943	-0.32866631	-0.35578203	-0.34030972	-0.32030207
-0.03938961	-0.07955375	-0.11913501	-0.15840567	-0.19817773	-0.23736891	-0.27759999	-0.31698045	-0.34276946	-0.32733718	-0.30724831
-0.03794839	-0.07665306	-0.11505268	-0.15288359	-0.1909398	-0.22895655	-0.26746098	-0.3056614	-0.33039385	-0.31493854	-0.29470229
-0.03677978	-0.07403821	-0.11074022	-0.14714546	-0.18428582	-0.22061373	-0.25793221	-0.29469618	-0.3183731	-0.3026326	-0.28203368
-0.03536033	-0.07118705	-0.10672276	-0.14171661	-0.1774269	-0.21259576	-0.24847874	-0.28382074	-0.30669422	-0.29042206	-0.26966571
-0.03395603	-0.0686117	-0.10273762	-0.13658047	-0.17087549	-0.20464277	-0.23935008	-0.27328498	-0.29510502	-0.27873574	-0.25754186
-0.03280692	-0.0660548	-0.09902555	-0.13148144	-0.164377	-0.19675869	-0.23029191	-0.26283581	-0.28361262	-0.26713328	-0.24551728
-0.03166109	-0.06351755	-0.09533637	-0.12642196	-0.15793493	-0.18941055	-0.22131062	-0.25294151	-0.27266883	-0.25561165	-0.23372826
-0.03029309	-0.06100118	-0.09167185	-0.12140527	-0.15200171	-0.18211147	-0.21263328	-0.24311739	-0.26180438	-0.24457144	-0.22202107
-0.02894293	-0.0587257	-0.08781489	-0.11664953	-0.14610252	-0.17486482	-0.20446123	-0.23358517	-0.25123499	-0.23357816	-0.2106973
-0.02803583	-0.05624773	-0.08442306	-0.11192751	-0.1398193	-0.16767498	-0.19591573	-0.22390885	-0.24074255	-0.22267373	-0.19928232
-0.02670955	-0.0537956	-0.08084323	-0.10724127	-0.13421733	-0.16075065	-0.18785788	-0.21472472	-0.23052398	-0.21199945	-0.18821494
-0.02560133	-0.05156382	-0.07729347	-0.10259126	-0.12844633	-0.15387134	-0.17985129	-0.20540164	-0.22038843	-0.20139819	-0.17706499
-0.02449936	-0.04934751	-0.07397009	-0.098173	-0.12291551	-0.14724249	-0.17209976	-0.19654538	-0.21048679	-0.19101988	-0.16597979
-0.02340412	-0.04714168	-0.0706608	-0.09377713	-0.11722568	-0.14045638	-0.16438253	-0.18754297	-0.20066583	-0.1808467	-0.15519526
-0.02231603	-0.04495272	-0.06737584	-0.0894142	-0.11194408	-0.13391428	-0.15672483	-0.17897624	-0.19107156	-0.17058398	-0.14445427
-0.02123555	-0.0427762	-0.06411267	-0.08524574	-0.10651352	-0.12757838	-0.14911358	-0.17027743	-0.18154018	-0.16064997	-0.13376094
-0.0201631	-0.04077927	-0.06087444	-0.080936	-0.10128668	-0.12128039	-0.14172291	-0.16180897	-0.17222344	-0.15075563	-0.1233025
-0.01909913	-0.03862966	-0.05781609	-0.07681437	-0.09608745	-0.11501854	-0.13453029	-0.15354679	-0.16295752	-0.14090638	-0.11278285
-0.01819181	-0.03649769	-0.05476955	-0.07271408	-0.09091827	-0.10879562	-0.12722449	-0.14532644	-0.15374537	-0.131105	-0.10230615
-0.0171386	-0.0343842	-0.05173612	-0.06863542	-0.08578013	-0.10275216	-0.12010711	-0.13715037	-0.14472208	-0.12135539	-0.09201377
-0.01609506	-0.03255631	-0.04871706	-0.06458054	-0.08067541	-0.09673697	-0.11302764	-0.1290219	-0.13574314	-0.11184447	-0.08173979
-0.01518696	-0.03046614	-0.04571184	-0.06067516	-0.07585459	-0.09075221	-0.10611235	-0.12119091	-0.12704522	-0.1023613	-0.07143382
-0.0141564	-0.02839786	-0.04272352	-0.0567815	-0.0708069	-0.08479971	-0.09922468	-0.1131512	-0.118153	-0.09290847	-0.06126004
-0.01313665	-0.02657115	-0.03975244	-0.05290148	-0.06601725	-0.07910031	-0.09236786	-0.10538489	-0.10951745	-0.08348905	-0.05109877
-0.01223074	-0.0245316	-0.03679964	-0.04903525	-0.06123749	-0.07320434	-0.08554343	-0.09764756	-0.10090849	-0.07422951	-0.04095315
-0.0113211	-0.02270455	-0.03405504	-0.0451846	-0.05637571	-0.06753438	-0.07884734	-0.08994056	-0.09233065	-0.06487053	-0.03082633
-0.01032069	-0.02069647	-0.03112652	-0.04135047	-0.05154241	-0.06170258	-0.0721732	-0.08243877	-0.0837862	-0.05564629	-0.02075065
-0.00933249	-0.01887155	-0.02821926	-0.03753488	-0.04681839	-0.05607	-0.06560119	-0.07478721	-0.07541738	-0.04643621	-0.01066187
-0.00842879	-0.01704087	-0.02547697	-0.03373871	-0.04225259	-0.05045101	-0.05889941	-0.06731455	-0.0669326	-0.03724334	-0.000585
-0.00752252	-0.01507724	-0.0225997	-0.03008988	-0.03754779	-0.04484781	-0.05236678	-0.05972786	-0.0585979	-0.02811578	0.00949313
-0.00661396	-0.01325228	-0.01985826	-0.02632074	-0.03286257	-0.03931717	-0.04584928	-0.05229398	-0.05027646	-0.01894986	0.01958456
-0.00570338	-0.01142328	-0.01706271	-0.02267027	-0.02824597	-0.03378979	-0.0393958	-0.04487528	-0.04197081	-0.00982362	0.02966109
-0.00479107	-0.0095908	-0.01427754	-0.0189329	-0.02363634	-0.02822841	-0.03294579	-0.0375129	-0.03368373	-0.000694	0.03979336
-0.0038443	-0.00772268	-0.01153609	-0.01528536	-0.01903513	-0.02275294	-0.0264702	-0.03015486	-0.02546358	0.00843505	0.04994477
-0.00293717	-0.00586782	-0.00879112	-0.0116088	-0.01444374	-0.01722287	-0.02006479	-0.02277992	-0.01720533	0.01756189	0.0601122
-0.00202914	-0.00404391	-0.00604347	-0.00794433	-0.00987987	-0.01175086	-0.01363753	-0.01546019	-0.00898785	0.02673193	0.07029249
-0.00112049	-0.00221876	-0.00328502	-0.00430182	-0.00531299	-0.00627526	-0.00722182	-0.00813579	-0.000768	0.03586096	0.0806096
-0.00021	-0.000393	-0.000542	-0.000658	-0.000744	-0.000798	-0.00082	-0.000809	0.00745282	0.04505886	0.09082162
0.000698	0.00143299	0.00220045	0.00298602	0.00382423	0.00467999	0.00558281	0.0065182	0.01567099	0.05427427	0.10119501
0.00160639	0.00325849	0.00495714	0.00662913	0.00839179	0.01015632	0.01198355	0.01384333	0.02393238	0.06350433	0.11159933
0.00251474	0.005083	0.00770561	0.01029284	0.0129568	0.01562955	0.01842755	0.02116425	0.03215415	0.07280942	0.12222367
0.00342232	0.00693586	0.01045173	0.01396909	0.01754858	0.02112901	0.02483468	0.02854182	0.04044538	0.08213891	0.13269141
0.00436632	0.00880227	0.01319467	0.01761844	0.02215066	0.02663769	0.03131243	0.03586324	0.04875554	0.09156859	0.14340286
0.00527935	0.01063607	0.01597939	0.0213085	0.02671526	0.03215386	0.03771809	0.04326807	0.05708201	0.10103213	0.15416188
0.00619077	0.01246664	0.01877485	0.02500767	0.03138	0.03767583	0.04422163	0.0506909	0.06542222	0.1105304	0.1649648
0.0071003	0.0142934	0.02151878	0.02865314	0.03600439	0.04326407	0.05074281	0.05812941	0.07377354	0.12004842	0.17594106
0.00800767	0.01625352	0.0243944	0.03242866	0.04063334	0.04887018	0.05727959	0.06558126	0.08229034	0.12981382	0.18696709
0.0089126	0.01808649	0.02713985	0.03622529	0.0453428	0.05449237	0.06382989	0.07320055	0.09084383	0.13939686	0.19818863
0.00981482	0.01991395	0.03004617	0.03987208	0.05006933	0.06012885	0.07056296	0.08068743	0.09934011	0.1492472	0.20962312
0.01089746	0.02192008	0.03279013	0.04369334	0.05481265	0.06578014	0.07715141	0.08837089	0.10804963	0.15914272	0.22112633
0.01180874	0.0237494	0.0357229	0.04752885	0.05956745	0.07163883	0.08394502	0.0960825	0.11669625	0.16935849	0.23269391
0.01271642	0.02578679	0.03867587	0.05138201	0.064444	0.07732246	0.09055892	0.1038291	0.12536817	0.1793481	0.24449829
0.01362022	0.02761704	0.04164751	0.05524996	0.06934657	0.08324487	0.09740811	0.11160492	0.13431113	0.18968089	0.25655687
0.01476418	0.02968373	0.04439136	0.05913138	0.07415023	0.08907901	0.10428822	0.11940732	0.14330385	0.20007377	0.26869408
0.01567446	0.03151164	0.04738213	0.06328592	0.07922334	0.09493159	0.11132849	0.12749708	0.15234241	0.21069191	0.28110517
0.01657997	0.03360482	0.05038848	0.06720525	0.08419337	0.10093805	0.11840922	0.13535931	0.16142427	0.22137697	0.2935958
0.01776963	0.03571761	0.05355448	0.07127938	0.08918285	0.10711976	0.12552877	0.14353324	0.17054592	0.2321251	0.30659383
0.01867955	0.03769693	0.05659612	0.07537628	0.09434276	0.11334299	0.13268422	0.15175241	0.18002706	0.24312127	0.31968903
0.01974314	0.0396795	0.05980991	0.07949446	0.0995329	0.11944469	0.14003394	0.16017505	0.18957049	0.25438479	0.33288014
0.02081536	0.04183157	0.06288223	0.08363237	0.10491906	0.12590462	0.14742886	0.16865137	0.19917281	0.26572154	0.34662435
0.02189581	0.04400001	0.06613897	0.08796317	0.110171	0.1322382	0.15486627	0.17717847	0.20901387	0.27734683	0.36048018
0.02280293	0.04618394	0.06941888	0.09232568	0.11562991	0.13878665	0.16252602	0.18593641	0.21891828	0.28948987	0.37443447
0.0240796	0.04838249	0.07272069	0.09671599	0.12112473	0.14537836	0.17023631	0.19475018	0.22888589	0.30128738	0.38899259
0.02498672	0.05059476	0.07604344	0.1011352	0.12685019	0.1520111	0.17799557	0.20362056	0.23911279	0.31361725	0.40392407
0.02629097	0.05302249	0.0793845	0.10578172	0.13241756	0.15888535	0.18600026	0.21294757	0.24983238	0.32628216	0.41924226
0.02740586	0.05526643	0.08295366	0.11025734	0.13822618	0.16581012	0.19406368	0.22235261	0.26020382	0.33904541	0.43468635
0.02852627	0.05752126	0.086553	0.11518814	0.14429255	0.17299844	0.20261197	0.23182686	0.27108364	0.35215478	0.45080408
0.02987481	0.05978603	0.09018201	0.11971845	0.1501869	0.18024386	0.21078793	0.24136767	0.2822759	0.3656235	0.46762974
0.03078176	0.06252005	0.09383574	0.124728	0.15611704	0.1875431	0.21946992	0.25120255	0.29355884	0.3794642	0.48459671
0.03215243	0.06481523	0.09751698	0.1297803	0.16255562	0.19489456	0.22822078	0.26110891	0.30516872	0.39368897	0.50200333
0.03353995	0.06760421	0.10122066	0.13487297	0.1690512	0.20278048	0.23752417	0.271572	0.31686977	0.40803173	0.51985459
0.03469389	0.07017531	0.10519647	0.14000356	0.17560061	0.21048518	0.24666179	0.2821235	0.32917306	0.42333879	0.53846888
0.0361065	0.07276409	0.10920533	0.14542665	0.18220065	0.21850041	0.2561252	0.29275814	0.34158163	0.43849252	0.55786761
0.03753385	0.07563221	0.11350843	0.15089547	0.18911176	0.22684161	0.26566482	0.30399964	0.35436025	0.4543564	0.5777497
0.03897521	0.07825894	0.11758374	0.15640727	0.19607958	0.23525341	0.2755464	0.31533894	0.36751999	0.47065296	0.59844445
0.0404298	0.08117678	0.12196167	0.16223521	0.20337678	0.24400796	0.28550696	0.32704716	0.38079552	0.48739859	0.61964665
0.04189685	0.08411759	0.12637673	0.16811455	0.21102044	0.25283661	0.29639283	0.33885591	0.39474644	0.50490946	0.64203931
0.04337558	0.08708163	0.13082656	0.17461313	0.21844334	0.26231212	0.30680286	0.35133271	0.40882032	0.52320933	0.66495756
0.04486519	0.09036096	0.13589659	0.18059231	0.22650889	0.27158137	0.31787753	0.3639188	0.42360918	0.54166267	0.68945063
0.04636487	0.09367208	0.14072033	0.18721147	0.23434734	0.28122252	0.32934332	0.3769083	0.4388356	0.56092419	0.71414728
0.04817887	0.0970131	0.14558294	0.19389037	0.24285504	0.29124772	0.34121906	0.3903114	0.45450589	0.58103224	0.74045445
0.04970193	0.1006931	0.15110431	0.20093959	0.2514381	0.30198391	0.3531947	0.40445376	0.47030455	0.60197617	NaN
0.05186526	0.103777	0.15636449	0.20773186	0.26041276	0.31249916	0.36590579	0.41871778	0.48751831	0.62379508	NaN
0.05341349	0.1075181	0.16166597	0.21521735	0.26977885	0.32374332	0.37904317	0.43374583	0.50488941	0.64649301	NaN
0.05529463	0.11161779	0.16766129	0.22309353	0.27923029	0.33508195	0.39262405	0.4492291	0.52275069	0.67043071	NaN
0.05719112	0.11542929	0.17337961	0.23104687	0.28942635	0.34718564	0.40666436	0.46518417	0.54176743	0.69532106	NaN
0.0591018	0.11994324	0.17947819	0.23906366	0.29970982	0.35972967	0.42149084	0.4819465	0.560958	0.721137	NaN
0.06136843	0.12381676	0.18631412	0.24782922	0.31077067	0.37272918	0.43645392	0.49954408	0.58168862	0.7482525	NaN
0.06365685	0.12840974	0.19286245	0.25667084	0.32157582	0.38617762	0.45223152	0.51763547	0.60294635	0.77744269	NaN
0.06596553	0.13339415	0.19981491	0.2662863	0.33351608	0.40008868	0.46883841	0.53657685	0.62548214	NaN	NaN
0.06865059	0.13807093	0.20754538	0.27599268	0.34593012	0.41484348	0.48596376	0.55641384	0.64856543	NaN	NaN
0.07099976	0.14350485	0.21534019	0.28650304	0.35880864	0.43044048	0.50430862	0.57713933	0.67329332	NaN	NaN
0.0737313	0.14862039	0.22319888	0.29709707	0.37215305	0.44652744	0.52316686	0.59912521	0.6989614	NaN	NaN
0.07648557	0.15414362	0.23148787	0.30814413	0.38634531	0.46385771	0.54366104	0.62202891	0.72634563	NaN	NaN
0.07926352	0.16046005	0.24059095	0.32040288	0.40140196	0.48170468	0.56470218	0.64624992	0.755077	NaN	NaN
0.08243447	0.16645028	0.25014353	0.33313747	0.41732973	0.50082005	0.58703987	0.67179193	0.78561584	NaN	NaN
0.08602092	0.17287115	0.25978267	0.34598524	0.43378813	0.52088354	0.61035613	0.69872818	NaN	NaN	NaN
