-0.09484069	-0.09484069	-0.19079496	-0.09484069	-0.19079496	-0.19079496	-0.28511102	-0.28511102	-0.28510994	-0.37857442	-0.37857442	-0.37857442	-0.47354159	-0.47354354	-0.47354159	-0.56687424	-0.56687424	-0.56687261	-0.6617056	-0.66170792	-0.6617042	-0.7556851	-0.75568713	-0.75568407	-0.81256524	-0.81256524	-0.8125619	-0.77333428	-0.77335746	-0.77333749	-0.73744011	-0.73744821	-0.7374428
-0.09080133	-0.09080033	-0.18270681	-0.09080033	-0.18270515	-0.18270515	-0.27376754	-0.27376754	-0.27376643	-0.36359914	-0.36359754	-0.36359671	-0.45453148	-0.45453148	-0.45452882	-0.544233	-0.544233	-0.54423078	-0.63581187	-0.63580982	-0.63580792	-0.72577081	-0.72577081	-0.72576707	-0.78238492	-0.78238228	-0.78237926	-0.74541966	-0.74541713	-0.74541424	-0.71163052	-0.71163596	-0.71163358
-0.08718022	-0.08718022	-0.17584206	-0.08718022	-0.17584037	-0.17584037	-0.26289735	-0.26289735	-0.26289622	-0.34912368	-0.34912113	-0.34912028	-0.43682366	-0.43682342	-0.43682162	-0.52292573	-0.5229229	-0.5229212	-0.61126623	-0.61126381	-0.61126236	-0.69723901	-0.69723901	-0.69723563	-0.75242176	-0.75241984	-0.7524183	-0.71881628	-0.71882176	-0.7188192	-0.68707518	-0.68707826	-0.68707518
-0.08397124	-0.08397124	-0.16864686	-0.08397124	-0.16864514	-0.16864514	-0.25325882	-0.25325882	-0.25325768	-0.33590773	-0.33590576	-0.3359049	-0.4200174	-0.42001533	-0.42001464	-0.50292437	-0.50292437	-0.50292206	-0.58767291	-0.58767045	-0.58766848	-0.67083675	-0.67083459	-0.67083287	-0.72420433	-0.72420901	-0.72420277	-0.69315882	-0.6931614	-0.69316533	-0.6630716	-0.66307244	-0.66307106
-0.08078621	-0.08078621	-0.16264722	-0.08078621	-0.16264547	-0.16264547	-0.24331522	-0.24331522	-0.24331405	-0.32317153	-0.32317153	-0.32317065	-0.40447495	-0.40447705	-0.40447425	-0.48421564	-0.48421564	-0.4842133	-0.56577423	-0.56540103	-0.56577223	-0.64576945	-0.64577164	-0.6457677	-0.69770899	-0.69772798	-0.69771255	-0.66877517	-0.66878158	-0.66877629	-0.64028251	-0.64028389	-0.64028251
-0.07800056	-0.07800056	-0.15631868	-0.07800056	-0.15631868	-0.15631868	-0.23457652	-0.23458007	-0.23457652	-0.31129018	-0.31129464	-0.31129018	-0.38943238	-0.38944092	-0.38943238	-0.46602933	-0.46604181	-0.4660323	-0.54480065	-0.54481436	-0.54480421	-0.62202429	-0.62204206	-0.6220274	-0.67215892	-0.67215611	-0.6721529	-0.64530027	-0.64530365	-0.64530177	-0.61835094	-0.61835406	-0.61835094
-0.07486607	-0.07486607	-0.15078392	-0.07486607	-0.15078392	-0.15078212	-0.22590603	-0.22590603	-0.22590483	-0.29986866	-0.29986866	-0.29986776	-0.37488139	-0.37488139	-0.37487922	-0.4491003	-0.4491003	-0.44909849	-0.52473402	-0.52473145	-0.5247299	-0.59920636	-0.59920636	-0.59920276	-0.64790589	-0.64791159	-0.64790954	-0.62271856	-0.62272008	-0.62271856	-0.59725853	-0.59725992	-0.59725888
-0.07212655	-0.07212655	-0.14529089	-0.07212655	-0.14529271	-0.14529089	-0.21767235	-0.21767357	-0.21767357	-0.28890902	-0.28890994	-0.28890994	-0.36154443	-0.36154735	-0.36154516	-0.43267293	-0.43267537	-0.43267537	-0.50592246	-0.50592715	-0.50592454	-0.57766574	-0.57766984	-0.57766756	-0.62458551	-0.62458838	-0.62459208	-0.60135265	-0.60135379	-0.60135227	-0.57698647	-0.57698908	-0.57698751
-0.06977037	-0.06977037	-0.14020817	-0.06977408	-0.14020817	-0.14020817	-0.20987138	-0.20987138	-0.20987507	-0.2787642	-0.27876522	-0.27876698	-0.34832372	-0.34832372	-0.34832741	-0.4171107	-0.4171107	-0.41711378	-0.48799204	-0.48799467	-0.48799836	-0.55702923	-0.55703153	-0.55703475	-0.60287381	-0.60288036	-0.6028754	-0.58083745	-0.58083898	-0.58083745	-0.55720327	-0.55720292	-0.55720292
-0.06707572	-0.06707572	-0.13516357	-0.06707572	-0.13516544	-0.13516357	-0.20248978	-0.20249102	-0.20248978	-0.26870186	-0.2687056	-0.2687028	-0.33592408	-0.33592706	-0.33592482	-0.40238681	-0.40239228	-0.40238744	-0.47056331	-0.47056809	-0.47056543	-0.53727371	-0.53728049	-0.53727557	-0.58169635	-0.5817001	-0.58169802	-0.56082922	-0.56083075	-0.56082922	-0.53820872	-0.53821032	-0.5382101
-0.06475855	-0.06475855	-0.13051574	-0.06475855	-0.13051574	-0.13051574	-0.19517269	-0.19517395	-0.19517269	-0.25942989	-0.25943084	-0.25943084	-0.32433442	-0.32433742	-0.32433517	-0.38849028	-0.38849279	-0.38849091	-0.45433678	-0.45399066	-0.45399066	-0.51838977	-0.51839399	-0.51839164	-0.56173479	-0.56173646	-0.56173479	-0.54132439	-0.54132593	-0.54132477	-0.51968184	-0.51968495	-0.51968322
-0.06246092	-0.06246092	-0.12590672	-0.06246092	-0.12590672	-0.12590672	-0.18861271	-0.18861271	-0.18861271	-0.25058037	-0.25058132	-0.25058037	-0.3131866	-0.31318735	-0.3131866	-0.37505526	-0.37505589	-0.37505526	-0.43824766	-0.43824923	-0.43824766	-0.50070216	-0.50070404	-0.50070216	-0.54194494	-0.54194621	-0.54194452	-0.52326785	-0.523269	-0.523269	-0.50161577	-0.50161714	-0.50161789
-0.06018437	-0.06018437	-0.12133961	-0.06018437	-0.12133961	-0.12133961	-0.18176636	-0.18176657	-0.18176636	-0.24146611	-0.24146707	-0.24146611	-0.30247311	-0.30247387	-0.30247311	-0.3620764	-0.3620764	-0.36207576	-0.42298369	-0.42298369	-0.42298314	-0.48316449	-0.48316591	-0.48316401	-0.52333609	-0.52333779	-0.52333609	-0.5053618	-0.50536142	-0.50536142	-0.48457882	-0.48457882	-0.48457882
-0.05826515	-0.05826515	-0.11715191	-0.05826515	-0.11715191	-0.11715191	-0.17565593	-0.17565704	-0.17565593	-0.2331101	-0.23311106	-0.2331101	-0.29185211	-0.29185288	-0.29185211	-0.34954509	-0.34954573	-0.34954509	-0.40852285	-0.4085234	-0.40852285	-0.4664524	-0.46645288	-0.4664524	-0.50554765	-0.50554935	-0.50554765	-0.4879219	-0.48792344	-0.48792343	-0.46767965	-0.46768271	-0.46767999
-0.05603006	-0.05603006	-0.11333083	-0.05603006	-0.11333083	-0.11333083	-0.16959652	-0.1695978	-0.16959652	-0.22515811	-0.22515907	-0.22515811	-0.28165888	-0.28165964	-0.28165887	-0.33745581	-0.33745645	-0.33745581	-0.39451726	-0.39451944	-0.39451725	-0.45054708	-0.45054899	-0.45054708	-0.48791503	-0.48791673	-0.48791546	-0.4712414	-0.47124292	-0.47124292	-0.45093198	-0.45093489	-0.45093198
-0.05446864	-0.05446864	-0.10921531	-0.05446864	-0.10921531	-0.10921531	-0.16391552	-0.16391552	-0.16391552	-0.21759935	-0.21760032	-0.21759935	-0.27188408	-0.27188485	-0.27188408	-0.32612251	-0.32612315	-0.32612315	-0.38095938	-0.38095993	-0.38095993	-0.4351043	-0.43510621	-0.43510477	-0.47139891	-0.47140019	-0.47139891	-0.45500172	-0.45500324	-0.45500323	-0.43514916	-0.43515183	-0.43514916
-0.05227508	-0.05227508	-0.10577914	-0.05227508	-0.10577914	-0.10577914	-0.1579642	-0.15796475	-0.1579642	-0.21010461	-0.21010557	-0.21010461	-0.26283528	-0.26283605	-0.26283605	-0.31488613	-0.31488613	-0.31488613	-0.36815909	-0.36816032	-0.36815909	-0.42011802	-0.42011946	-0.42011802	-0.45533759	-0.45533716	-0.45533716	-0.43919607	-0.43919607	-0.43919607	-0.41949658	-0.41949757	-0.41949757
-0.05073586	-0.05073586	-0.10205319	-0.05073586	-0.10205319	-0.10205319	-0.15270023	-0.15270023	-0.15270023	-0.20267849	-0.20267849	-0.20267849	-0.25386123	-0.25386123	-0.25386123	-0.30375166	-0.30375164	-0.30375164	-0.35546745	-0.3554669	-0.3554669	-0.4058912	-0.40589072	-0.40589072	-0.43972396	-0.43972566	-0.43972566	-0.42381095	-0.42381245	-0.42381133	-0.40449431	-0.40449725	-0.40449725
-0.04889626	-0.04889626	-0.09836357	-0.04889626	-0.09836357	-0.09836357	-0.14747966	-0.14747966	-0.14747966	-0.19593868	-0.19593964	-0.19593901	-0.24496734	-0.24496811	-0.24496811	-0.29333982	-0.29334046	-0.29334046	-0.34319786	-0.34319841	-0.34319841	-0.3920935	-0.39209542	-0.39209465	-0.42455113	-0.42455283	-0.42455283	-0.40911691	-0.40911988	-0.40911691	-0.38961302	-0.38961591	-0.38961334
-0.04707601	-0.04707601	-0.09501389	-0.04707601	-0.09501389	-0.09501389	-0.1423056	-0.1423056	-0.1423056	-0.18925353	-0.18925449	-0.18925449	-0.23676	-0.23676077	-0.23676077	-0.28332197	-0.28332261	-0.28332261	-0.33134171	-0.33134389	-0.33134225	-0.37841729	-0.37841919	-0.37841919	-0.41010382	-0.41010551	-0.41010551	-0.39454439	-0.39454771	-0.39454475	-0.37534647	-0.37534901	-0.37535123
-0.04557203	-0.04557203	-0.0916933	-0.04557203	-0.0916933	-0.0916933	-0.13747635	-0.13747635	-0.13747635	-0.18262691	-0.18262787	-0.18262787	-0.22832534	-0.2283261	-0.2283261	-0.27368663	-0.27368727	-0.27368727	-0.32018223	-0.32018277	-0.32018277	-0.36545782	-0.36545972	-0.36545972	-0.39606914	-0.39606821	-0.39606914	-0.38062783	-0.38062923	-0.38062923	-0.36095177	-0.36095302	-0.36095458
-0.0437879	-0.0437879	-0.08840375	-0.0437879	-0.08840375	-0.08840375	-0.13297708	-0.13297708	-0.13297708	-0.17635169	-0.17635207	-0.17635264	-0.22055281	-0.22055281	-0.22055281	-0.26413387	-0.26413387	-0.26413387	-0.30911476	-0.30911476	-0.30911476	-0.35289992	-0.35289992	-0.35290134	-0.38215039	-0.38215206	-0.38215081	-0.36682333	-0.36682477	-0.36682477	-0.34714668	-0.3471568	-0.34714837
-0.04231015	-0.04231015	-0.08543067	-0.04231015	-0.08543067	-0.08543067	-0.12794261	-0.12794387	-0.12794261	-0.17041355	-0.17041449	-0.17041355	-0.21284339	-0.21284415	-0.21284415	-0.25523208	-0.25523271	-0.25523271	-0.29814388	-0.29814602	-0.29814441	-0.34044946	-0.34045133	-0.34044992	-0.36863589	-0.36863954	-0.36863623	-0.35338807	-0.35339127	-0.35338843	-0.33389766	-0.33389766	-0.33389917
-0.04084379	-0.04084379	-0.08248014	-0.04084379	-0.08248014	-0.08248014	-0.12352067	-0.12352191	-0.12352067	-0.16424383	-0.16424477	-0.16424383	-0.20548022	-0.20548097	-0.20548022	-0.24584642	-0.24584892	-0.24584642	-0.28782943	-0.28783156	-0.28782996	-0.32866631	-0.32866817	-0.32866678	-0.35578203	-0.35578476	-0.35578244	-0.34030972	-0.34031252	-0.34031252	-0.32030207	-0.32030324	-0.32030236
-0.03938961	-0.03938961	-0.07955375	-0.03938961	-0.07955375	-0.07955375	-0.11913501	-0.11913625	-0.11913501	-0.15840567	-0.1584066	-0.15840567	-0.19817773	-0.19817847	-0.19817773	-0.23736891	-0.23737138	-0.23736891	-0.27759999	-0.27760209	-0.27759999	-0.31698045	-0.3169823	-0.31698045	-0.34276946	-0.34277109	-0.34276987	-0.32733718	-0.32733856	-0.32734029	-0.30724831	-0.30724946	-0.30724946
-0.03794839	-0.03794839	-0.07665306	-0.03794839	-0.07665306	-0.07665306	-0.11505268	-0.11505268	-0.11505268	-0.15288359	-0.1528845	-0.15288359	-0.1909398	-0.19094053	-0.19093994	-0.22895655	-0.22895716	-0.22895716	-0.26746098	-0.2674615	-0.2674615	-0.3056614	-0.30566322	-0.30566186	-0.33039385	-0.33039546	-0.33039546	-0.31493854	-0.31494718	-0.3149399	-0.29470229	-0.29470088	-0.29470004
-0.03677978	-0.03677978	-0.07403821	-0.03677978	-0.07403821	-0.07404001	-0.11074022	-0.11074072	-0.11074143	-0.14714546	-0.14714636	-0.14714636	-0.18428582	-0.18428654	-0.18428654	-0.22061373	-0.22061433	-0.22061578	-0.25793221	-0.25793427	-0.25793427	-0.29469618	-0.29469798	-0.29469798	-0.3183731	-0.31837468	-0.31837349	-0.3026326	-0.3026326	-0.30263426	-0.28203368	-0.2820334	-0.28205555
-0.03536033	-0.03536033	-0.07118705	-0.03536033	-0.07118705	-0.07118705	-0.10672276	-0.10672395	-0.10672276	-0.14171661	-0.14171751	-0.14171661	-0.1774269	-0.17742761	-0.1774269	-0.21259576	-0.21259699	-0.21259576	-0.24847874	-0.24848077	-0.24847874	-0.28382074	-0.28382252	-0.28382074	-0.30669422	-0.30669539	-0.30669733	-0.29042206	-0.29042336	-0.29042238	-0.26966571	-0.26965269	-0.26965295
-0.03395603	-0.03395603	-0.0686117	-0.03395603	-0.0686117	-0.06861346	-0.10273762	-0.10273762	-0.1027388	-0.13658047	-0.13658135	-0.13658135	-0.17087549	-0.17087619	-0.1708783	-0.20464277	-0.20464336	-0.20464512	-0.23935008	-0.23935158	-0.23935158	-0.27328498	-0.27328629	-0.27328848	-0.29510502	-0.29510655	-0.29510655	-0.27873574	-0.27873701	-0.27873701	-0.25754186	-0.2575416	-0.25754263
-0.03280692	-0.03280692	-0.0660548	-0.03280692	-0.0660548	-0.06605653	-0.09902555	-0.09902555	-0.0990267	-0.13148144	-0.13148231	-0.13148231	-0.164377	-0.16437769	-0.16437769	-0.19675869	-0.19675927	-0.196761	-0.23029191	-0.23029241	-0.23029388	-0.26283581	-0.26283624	-0.26283753	-0.28361262	-0.28362153	-0.28361413	-0.26713328	-0.26713173	-0.2671308	-0.24551728	-0.24550951	-0.24550976
-0.03166109	-0.03166132	-0.06351755	-0.03166109	-0.06340828	-0.06340828	-0.09533637	-0.09533864	-0.09533694	-0.12642196	-0.12642622	-0.12642239	-0.15793493	-0.15793891	-0.15793582	-0.18941055	-0.1894148	-0.1894114	-0.22131062	-0.22131643	-0.22131134	-0.25294151	-0.25283924	-0.25294215	-0.27266883	-0.27266994	-0.27267042	-0.25561165	-0.25561134	-0.25563069	-0.23372826	-0.23372826	-0.23373043
-0.03029309	-0.03029309	-0.06100118	-0.03029309	-0.06100118	-0.06100285	-0.09167185	-0.09167179	-0.0916729	-0.12140527	-0.12140527	-0.12140527	-0.15200171	-0.15200171	-0.15200171	-0.18211147	-0.18211147	-0.18211314	-0.21263328	-0.21263328	-0.2126347	-0.24311739	-0.24311848	-0.24311864	-0.26180438	-0.26180583	-0.26180474	-0.24457144	-0.24456087	-0.24456116	-0.22202107	-0.22202107	-0.22202131
-0.02894293	-0.02894293	-0.0587257	-0.02894293	-0.0587257	-0.0587257	-0.08781489	-0.08781489	-0.08781489	-0.11664953	-0.11665035	-0.11664953	-0.14610252	-0.14610317	-0.14610252	-0.17486482	-0.17486536	-0.17486482	-0.20446123	-0.2044617	-0.20446123	-0.23358517	-0.23358656	-0.23358558	-0.25123499	-0.25123534	-0.2512364	-0.23357816	-0.23357788	-0.23357901	-0.2106973	-0.2106973	-0.21069752
-0.02803583	-0.02803583	-0.05624773	-0.02803652	-0.05624773	-0.05624933	-0.08442306	-0.08442306	-0.08442412	-0.11192751	-0.11192751	-0.11192831	-0.1398193	-0.13981994	-0.13981994	-0.16767498	-0.16767551	-0.16767551	-0.19591573	-0.19591618	-0.19591728	-0.22390885	-0.22390924	-0.22391044	-0.24074255	-0.24074151	-0.24074151	-0.22267373	-0.22266684	-0.22266711	-0.19928232	-0.19928211	-0.19928296
-0.02670955	-0.02670955	-0.0537956	-0.02670955	-0.05379403	-0.05379403	-0.08084323	-0.08084219	-0.08084219	-0.10724127	-0.10724049	-0.10724049	-0.13421733	-0.13421733	-0.1342167	-0.16075065	-0.1607491	-0.16074858	-0.18785788	-0.18785655	-0.18785655	-0.21472472	-0.21472355	-0.21472355	-0.23052398	-0.23052365	-0.2305401	-0.21199945	-0.21199945	-0.21200051	-0.18821494	-0.18821474	-0.18821657
-0.02560133	-0.02560133	-0.05156382	-0.02560133	-0.05156382	-0.05156535	-0.07729347	-0.07729245	-0.07729651	-0.10259126	-0.1025905	-0.10259736	-0.12844633	-0.12844573	-0.12845545	-0.15387134	-0.15387083	-0.15387894	-0.17985129	-0.17985086	-0.17986167	-0.20540164	-0.20540126	-0.20541486	-0.22038843	-0.22037667	-0.220377	-0.20139819	-0.20139819	-0.20139844	-0.17706499	-0.17706421	-0.17706595
-0.02449936	-0.02449936	-0.04934751	-0.02449936	-0.04934603	-0.04934603	-0.07397009	-0.07396614	-0.07396614	-0.098173	-0.09817004	-0.09817004	-0.12291551	-0.12291019	-0.12291019	-0.14724249	-0.14723461	-0.14723461	-0.17209976	-0.17209304	-0.17209346	-0.19654538	-0.1965362	-0.19653657	-0.21048679	-0.21048647	-0.21048774	-0.19101988	-0.19101988	-0.19102012	-0.16597979	-0.1659796	-0.16598125
-0.02340412	-0.02340412	-0.04714168	-0.0234042	-0.04714156	-0.047143	-0.0706608	-0.07065984	-0.0706608	-0.09377713	-0.09377641	-0.09377713	-0.11722568	-0.1172251	-0.11722568	-0.14045638	-0.1404559	-0.14045638	-0.16438253	-0.16438212	-0.16438375	-0.18754297	-0.18754261	-0.18754403	-0.20066583	-0.20066092	-0.20066092	-0.1808467	-0.18084646	-0.1808474	-0.15519526	-0.15519509	-0.15519578
-0.02231603	-0.02231603	-0.04495272	-0.02231603	-0.04495132	-0.04495132	-0.06737584	-0.06737491	-0.06737491	-0.0894142	-0.08941141	-0.08941141	-0.11194408	-0.11194186	-0.11194186	-0.13391428	-0.13391012	-0.13391012	-0.15672483	-0.15672128	-0.15672128	-0.17897624	-0.17897073	-0.17897073	-0.19107156	-0.19107156	-0.19107274	-0.17058398	-0.17058376	-0.17058578	-0.14445427	-0.14445411	-0.14445557
-0.02123555	-0.02123555	-0.0427762	-0.02123555	-0.0427762	-0.04277755	-0.06411267	-0.06411267	-0.06411356	-0.08524574	-0.08524574	-0.08524642	-0.10651352	-0.10651352	-0.10651406	-0.12757838	-0.12757838	-0.12757889	-0.14911358	-0.14911358	-0.1491151	-0.17027743	-0.17027743	-0.17027876	-0.18154018	-0.18154018	-0.18154046	-0.16064997	-0.16064911	-0.16065104	-0.13376094	-0.13376034	-0.13376068
-0.0201631	-0.0201631	-0.04077927	-0.0201631	-0.04077927	-0.04077927	-0.06087444	-0.06087444	-0.06087444	-0.080936	-0.080936	-0.080936	-0.10128668	-0.10128668	-0.10128668	-0.12128039	-0.12128039	-0.12128039	-0.14172291	-0.14172291	-0.14172291	-0.16180897	-0.16180897	-0.1618091	-0.17222344	-0.17222344	-0.17222371	-0.15075563	-0.15075543	-0.15075726	-0.1233025	-0.12330194	-0.1233025
-0.01909913	-0.01909913	-0.03862966	-0.01909913	-0.03862966	-0.03862966	-0.05781609	-0.05781609	-0.05781609	-0.07681437	-0.07681437	-0.07681437	-0.09608745	-0.09608745	-0.09608745	-0.11501854	-0.11501854	-0.11501854	-0.13453029	-0.13453029	-0.13453064	-0.15354679	-0.15354679	-0.15354709	-0.16295752	-0.16295726	-0.16295752	-0.14090638	-0.14090619	-0.14090695	-0.11278285	-0.11278272	-0.11278323
-0.01819181	-0.01819181	-0.03649769	-0.01819181	-0.03649769	-0.03649769	-0.05476955	-0.05476955	-0.05477035	-0.07271408	-0.07271349	-0.07271408	-0.09091827	-0.0909178	-0.09091827	-0.10879562	-0.10879523	-0.10879562	-0.12722449	-0.12722415	-0.12722449	-0.14532644	-0.14532614	-0.14532644	-0.15374537	-0.15374512	-0.15374738	-0.131105	-0.13110482	-0.13110644	-0.10230615	-0.10230603	-0.10230791
-0.0171386	-0.0171386	-0.0343842	-0.0171386	-0.0343842	-0.03438535	-0.05173612	-0.05173593	-0.05173669	-0.06863542	-0.06863485	-0.06863542	-0.08578013	-0.08577967	-0.08578013	-0.10275216	-0.10275178	-0.10275329	-0.12010711	-0.12010679	-0.12010808	-0.13715037	-0.13715009	-0.13715121	-0.14472208	-0.14472112	-0.14472327	-0.12135539	-0.12135472	-0.12135509	-0.09201377	-0.09201366	-0.09201409
-0.01609506	-0.01609506	-0.03255631	-0.01609506	-0.03255523	-0.03255533	-0.04871706	-0.04871633	-0.04871706	-0.06458054	-0.06457999	-0.06458054	-0.08067541	-0.08067498	-0.08067541	-0.09673697	-0.09673661	-0.09673804	-0.11302764	-0.11302733	-0.11302856	-0.1290219	-0.12902163	-0.1290227	-0.13574314	-0.13574292	-0.13574495	-0.11184447	-0.11184432	-0.11184494	-0.08173979	-0.0817397	-0.08174007
-0.01518696	-0.01518696	-0.03046614	-0.01518696	-0.03046614	-0.03046717	-0.04571184	-0.04571184	-0.04571252	-0.06067516	-0.06067494	-0.06067545	-0.07585459	-0.07585418	-0.07585459	-0.09075221	-0.09075187	-0.09075324	-0.10611235	-0.10611205	-0.10611322	-0.12119091	-0.12119065	-0.12119167	-0.12704522	-0.12704501	-0.12704586	-0.1023613	-0.10236116	-0.10236173	-0.07143382	-0.07143374	-0.07143375
-0.0141564	-0.0141564	-0.02839786	-0.01415645	-0.02839786	-0.02839884	-0.04272352	-0.04272352	-0.04272417	-0.0567815	-0.0567815	-0.05678199	-0.0708069	-0.0708069	-0.07080729	-0.08479971	-0.08479971	-0.08480003	-0.09922468	-0.09922468	-0.09922496	-0.1131512	-0.11315117	-0.11315212	-0.118153	-0.1181528	-0.1181536	-0.09290847	-0.09290834	-0.09290951	-0.06126004	-0.06125997	-0.06126025
-0.01313665	-0.01313665	-0.02657115	-0.01313665	-0.02657115	-0.02657206	-0.03975244	-0.03975244	-0.03975305	-0.05290148	-0.05290102	-0.05290148	-0.06601725	-0.06601689	-0.06601725	-0.07910031	-0.07910001	-0.07910122	-0.09236786	-0.09236761	-0.09236864	-0.10538489	-0.10538466	-0.10538556	-0.10951745	-0.10951671	-0.10951713	-0.08348905	-0.08348894	-0.08348941	-0.05109877	-0.05109871	-0.05109894
-0.01223074	-0.01223074	-0.0245316	-0.01223117	-0.0245316	-0.02453182	-0.03679964	-0.03679964	-0.03679978	-0.04903525	-0.04903482	-0.04903493	-0.06123749	-0.06123715	-0.06123724	-0.07320434	-0.07320406	-0.07320413	-0.08554343	-0.08554318	-0.08554373	-0.09764756	-0.09764686	-0.09764733	-0.10090849	-0.10090832	-0.10090901	-0.07422951	-0.07422941	-0.07422983	-0.04095315	-0.04095311	-0.04095315
-0.0113211	-0.0113211	-0.02270455	-0.0113211	-0.02270455	-0.02270534	-0.03405504	-0.03405504	-0.03405557	-0.0451846	-0.04518421	-0.0451846	-0.05637571	-0.05637539	-0.05637571	-0.06753438	-0.06753412	-0.06753438	-0.07884734	-0.07884712	-0.07884734	-0.08994056	-0.08994036	-0.08994114	-0.09233065	-0.09233049	-0.09233113	-0.06487053	-0.06487043	-0.06487043	-0.03082633	-0.03082629	-0.03082633
-0.01032069	-0.01032069	-0.02069647	-0.01032152	-0.02069647	-0.02069721	-0.03112652	-0.03112652	-0.03112701	-0.04135047	-0.04135047	-0.04135083	-0.05154241	-0.05154241	-0.0515427	-0.06170258	-0.06170233	-0.06170258	-0.0721732	-0.07217299	-0.07217381	-0.08243877	-0.08243859	-0.0824393	-0.0837862	-0.08378605	-0.08378736	-0.05564629	-0.05564621	-0.05564629	-0.02075065	-0.02075063	-0.02075065
-0.00933249	-0.00933249	-0.01887155	-0.00933249	-0.01887155	-0.01887157	-0.02821926	-0.02821926	-0.02821971	-0.03753488	-0.03753488	-0.03753521	-0.04681839	-0.04681839	-0.04681933	-0.05607	-0.05606978	-0.05607067	-0.06560119	-0.065601	-0.06560175	-0.07478721	-0.07478704	-0.07478852	-0.07541738	-0.07541725	-0.07541777	-0.04643621	-0.04643621	-0.04643628	-0.01066187	-0.01066186	-0.01066187
-0.00842879	-0.00842879	-0.01704087	-0.00842879	-0.01704087	-0.01704087	-0.02547697	-0.02547697	-0.02547737	-0.03373871	-0.03373871	-0.03373901	-0.04225259	-0.04225259	-0.04225283	-0.05045101	-0.05045101	-0.05045121	-0.05889941	-0.05889937	-0.05889954	-0.06731455	-0.0673144	-0.0673149	-0.0669326	-0.06693248	-0.06693295	-0.03724334	-0.03724329	-0.03724334	-0.000585	-0.000585	-0.000585
-0.00752252	-0.00752252	-0.01507724	-0.00752252	-0.01507724	-0.01507779	-0.0225997	-0.0225997	-0.02260006	-0.03008988	-0.03008988	-0.03009015	-0.03754779	-0.03754779	-0.037548	-0.04484781	-0.04484781	-0.04484799	-0.05236678	-0.05236672	-0.05236687	-0.05972786	-0.05972773	-0.05972786	-0.0585979	-0.0585978	-0.0585978	-0.02811578	-0.02811574	-0.02811578	0.00949313	0.00949312	0.00949312
-0.00661396	-0.00661396	-0.01325228	-0.00661396	-0.01325228	-0.01325228	-0.01985826	-0.01985826	-0.01985826	-0.02632074	-0.02632074	-0.02632074	-0.03286257	-0.03286257	-0.03286257	-0.03931717	-0.03931702	-0.03931702	-0.04584928	-0.04584914	-0.04584914	-0.05229398	-0.05229387	-0.05229387	-0.05027646	-0.05027638	-0.05027646	-0.01894986	-0.01894983	-0.01894986	0.01958456	0.01958453	0.01958456
-0.00570338	-0.00570338	-0.01142328	-0.00570338	-0.01142328	-0.01142369	-0.01706271	-0.01706271	-0.01706299	-0.02267027	-0.02267027	-0.02267048	-0.02824597	-0.02824597	-0.02824614	-0.03378979	-0.03378979	-0.03378992	-0.0393958	-0.03939568	-0.0393958	-0.04487528	-0.04487518	-0.04487528	-0.04197081	-0.04197081	-0.04197088	-0.00982362	-0.00982361	-0.00982362	0.02966109	0.02966109	0.02966113
-0.00479107	-0.00479107	-0.0095908	-0.00479107	-0.0095908	-0.0095908	-0.01427754	-0.01427754	-0.01427757	-0.0189329	-0.0189329	-0.01893308	-0.02363634	-0.02363634	-0.02363648	-0.02822841	-0.02822841	-0.02822852	-0.03294579	-0.03294579	-0.03294589	-0.0375129	-0.0375129	-0.03751298	-0.03368373	-0.03368367	-0.03368373	-0.000694	-0.000694	-0.000694	0.03979336	0.03979336	0.03979336
-0.0038443	-0.0038443	-0.00772268	-0.0038443	-0.00772268	-0.00772295	-0.01153609	-0.01153609	-0.01153627	-0.01528536	-0.01528536	-0.0152855	-0.01903513	-0.01903513	-0.01903524	-0.02275294	-0.02275293	-0.02275302	-0.0264702	-0.02647012	-0.0264702	-0.03015486	-0.03015479	-0.03015486	-0.02546358	-0.02546354	-0.02546358	0.00843505	0.00843503	0.00843504	0.04994477	0.04994477	0.04994477
-0.00293717	-0.00293717	-0.00586782	-0.00293717	-0.00586782	-0.00586782	-0.00879112	-0.00879112	-0.00879114	-0.0116088	-0.0116088	-0.0116089	-0.01444374	-0.01444374	-0.01444382	-0.01722287	-0.01722287	-0.01722294	-0.02006479	-0.02006473	-0.02006479	-0.02277992	-0.02277987	-0.02277992	-0.01720533	-0.0172053	-0.01720533	0.01756189	0.01756189	0.01756192	0.0601122	0.0601122	0.0601122
-0.00202914	-0.00202914	-0.00404391	-0.00202914	-0.00404391	-0.00404391	-0.00604347	-0.00604347	-0.00604347	-0.00794433	-0.00794433	-0.00794436	-0.00987987	-0.00987987	-0.00987993	-0.01175086	-0.01175086	-0.0117509	-0.01363753	-0.01363753	-0.01363757	-0.01546019	-0.01546018	-0.01546022	-0.00898785	-0.00898783	-0.00898785	0.02673193	0.02673193	0.02673198	0.07029249	0.07029249	0.0702925
-0.00112049	-0.00112049	-0.00221876	-0.00112049	-0.00221876	-0.00221876	-0.00328502	-0.00328502	-0.00328502	-0.00430182	-0.00430182	-0.00430182	-0.00531299	-0.00531299	-0.00531302	-0.00627526	-0.00627526	-0.00627528	-0.00722182	-0.00722182	-0.00722184	-0.00813579	-0.00813579	-0.0081358	-0.000768	-0.000768	-0.000768	0.03586096	0.03586096	0.03586096	0.0806096	0.0806096	0.0806096
-0.00021	-0.00021	-0.000393	-0.00021	-0.000393	-0.000393	-0.000542	-0.000542	-0.000542	-0.000658	-0.000658	-0.000658	-0.000744	-0.000745	-0.000744	-0.000798	-0.000798	-0.000798	-0.00082	-0.00082	-0.00082	-0.000809	-0.000809	-0.000809	0.00745282	0.00745282	0.00745282	0.04505886	0.04505886	0.04505886	0.09082162	0.09082162	0.09082162
0.000698	0.000698	0.00143299	0.000698	0.00143299	0.00143299	0.00220045	0.00220045	0.00220045	0.00298602	0.00298602	0.00298602	0.00382423	0.00382423	0.00382423	0.00467999	0.00467999	0.00468	0.00558281	0.00558281	0.00558281	0.0065182	0.0065182	0.0065182	0.01567099	0.01567099	0.01567102	0.05427427	0.05427427	0.05427427	0.10119501	0.10119501	0.10119501
0.00160639	0.00160639	0.00325849	0.00160639	0.00325849	0.00325849	0.00495714	0.00495714	0.00495714	0.00662913	0.00662913	0.00662913	0.00839179	0.00839179	0.00839184	0.01015632	0.01015632	0.01015636	0.01198355	0.01198355	0.01198359	0.01384333	0.01384333	0.01384337	0.02393238	0.02393238	0.02393243	0.06350433	0.06350433	0.06350433	0.11159933	0.11159933	0.11159933
0.00251474	0.00251474	0.005083	0.00251474	0.005083	0.005083	0.00770561	0.00770561	0.00770561	0.01029284	0.01029284	0.01029284	0.0129568	0.0129568	0.0129568	0.01562955	0.01562955	0.01562955	0.01842755	0.01842755	0.01842755	0.02116425	0.02116425	0.02116426	0.03215415	0.03215415	0.03215415	0.07280942	0.07280942	0.07280942	0.12222367	0.12222008	0.12222008
0.00342232	0.00342232	0.00693586	0.00342232	0.00693586	0.00693586	0.01045173	0.01045173	0.01045173	0.01396909	0.01396909	0.01396909	0.01754858	0.01754858	0.01754858	0.02112901	0.02112901	0.02112901	0.02483468	0.02483468	0.02483468	0.02854182	0.02854182	0.02854182	0.04044538	0.04044538	0.04044538	0.08213891	0.08213891	0.08213891	0.13269141	0.1326928	0.13269141
0.00436632	0.00436632	0.00880227	0.00436632	0.00880227	0.00880227	0.01319467	0.01319467	0.01319467	0.01761844	0.01761844	0.01761844	0.02215066	0.02215066	0.02215066	0.02663769	0.02663769	0.02663769	0.03131243	0.03131243	0.03131243	0.03586324	0.03586324	0.03586324	0.04875554	0.04875554	0.04875554	0.09156859	0.09156859	0.09156859	0.14340286	0.14340352	0.14340286
0.00527935	0.00527935	0.01063607	0.00527935	0.01063607	0.01063607	0.01597939	0.01597939	0.01597939	0.0213085	0.0213085	0.0213085	0.02671526	0.02671526	0.02671526	0.03215386	0.03215386	0.03215386	0.03771809	0.03771809	0.03771809	0.04326807	0.04326807	0.04326807	0.05708201	0.05708201	0.05708201	0.10103213	0.10103213	0.10103213	0.15416188	0.15416206	0.15416188
0.00619077	0.00619077	0.01246664	0.00619077	0.01246664	0.01246664	0.01877485	0.01877485	0.01877485	0.02500767	0.02500767	0.02500767	0.03138	0.03138	0.03138	0.03767583	0.03767583	0.03767583	0.04422163	0.04422163	0.04422163	0.0506909	0.0506909	0.0506909	0.06542222	0.06542222	0.06542222	0.1105304	0.11052644	0.11052644	0.1649648	0.16496554	0.1649648
0.0071003	0.0071003	0.0142934	0.0071003	0.0142934	0.0142934	0.02151878	0.02151878	0.02151878	0.02865314	0.02865314	0.02865314	0.03600439	0.03600439	0.03600439	0.04326407	0.04326407	0.04326407	0.05074281	0.05074281	0.05074281	0.05812941	0.05812941	0.05812941	0.07377354	0.07377354	0.07377354	0.12004842	0.1200491	0.12004842	0.17594106	0.17594205	0.17594028
0.00800767	0.00800767	0.01625352	0.00800767	0.01625352	0.01625352	0.0243944	0.0243944	0.0243944	0.03242866	0.03242866	0.03242866	0.04063334	0.04063334	0.04063334	0.04887018	0.04887018	0.04887018	0.05727959	0.05727959	0.05727959	0.06558126	0.06558126	0.06558126	0.08229034	0.08229034	0.08229034	0.12981382	0.129814	0.12981382	0.18696709	0.18696729	0.18696709
0.0089126	0.0089126	0.01808649	0.0089126	0.01808649	0.01808649	0.02713985	0.02713985	0.02713985	0.03622529	0.03622529	0.03622529	0.0453428	0.0453428	0.0453428	0.05449237	0.05449237	0.05449237	0.06382989	0.06382989	0.06382989	0.07320055	0.07320055	0.07320055	0.09084383	0.09084383	0.09084383	0.13939686	0.13939706	0.13939686	0.19818863	0.19819058	0.19818863
0.00981482	0.00981482	0.01991395	0.00981482	0.01991395	0.01991395	0.03004617	0.03004617	0.03004617	0.03987208	0.03987208	0.03987208	0.05006933	0.05006933	0.05006933	0.06012885	0.06012885	0.06012885	0.07056296	0.07056296	0.07056296	0.08068743	0.08068743	0.08068743	0.09934011	0.0994312	0.0994312	0.1492472	0.14924803	0.1492472	0.20962312	0.20962516	0.20962312
0.01089746	0.01089746	0.02192008	0.01089746	0.02191931	0.02191931	0.03279013	0.03278962	0.03278962	0.04369334	0.04369178	0.04369178	0.05481265	0.0548114	0.0548114	0.06578014	0.06577779	0.06577779	0.07715141	0.0771494	0.0771494	0.08837089	0.08836775	0.08836775	0.10804963	0.10805039	0.10804963	0.15914272	0.15914446	0.1591425	0.22112633	0.22112845	0.22112633
0.01180874	0.01180874	0.0237494	0.01180874	0.0237494	0.0237494	0.0357229	0.0357229	0.0357229	0.04752885	0.04752927	0.04752885	0.05956745	0.05956778	0.05956745	0.07163883	0.07163912	0.07163884	0.08394502	0.08394526	0.08394502	0.0960825	0.09608335	0.0960825	0.11669625	0.11669645	0.11669625	0.16935849	0.16935872	0.16935849	0.23269391	0.23270271	0.23269391
0.01271642	0.01271642	0.02578679	0.01271642	0.02578679	0.02578679	0.03867587	0.03867587	0.03867587	0.05138201	0.05138201	0.05138201	0.064444	0.06444436	0.064444	0.07732246	0.07732276	0.07732246	0.09055892	0.09055918	0.09055892	0.1038291	0.10382932	0.1038291	0.12536817	0.12536838	0.12536817	0.1793481	0.17934905	0.1793481	0.24449829	0.24449905	0.24449804
0.01362022	0.01362022	0.02761704	0.01362022	0.02761704	0.02761704	0.04164751	0.04164751	0.04164751	0.05524996	0.05524996	0.05524996	0.06934657	0.06934685	0.06934657	0.08324487	0.08324519	0.08324487	0.09740811	0.09740839	0.09740811	0.11160492	0.11160516	0.11160492	0.13431113	0.13431204	0.13431113	0.18968089	0.18968189	0.18968089	0.25655687	0.25657255	0.25655582
0.01476418	0.01476418	0.02968373	0.01476418	0.02968373	0.02968373	0.04439136	0.04439136	0.04439136	0.05913138	0.05913188	0.05913138	0.07415023	0.07415064	0.07415023	0.08907901	0.08907935	0.08907901	0.10428822	0.10428852	0.10428822	0.11940732	0.11940779	0.11940732	0.14330385	0.14330457	0.14330361	0.20007377	0.20007481	0.20007377	0.26869408	0.26869327	0.26869974
0.01567446	0.01567446	0.03151164	0.01567446	0.03151164	0.03151164	0.04738213	0.04738278	0.04738213	0.06328592	0.06328646	0.06328592	0.07922334	0.07922342	0.07922299	0.09493159	0.09493159	0.09493123	0.11132849	0.11132942	0.11132819	0.12749708	0.12749789	0.12749681	0.15234241	0.15234266	0.15234241	0.21069191	0.2107016	0.21069191	0.28110517	0.28110378	0.28110268
0.01657997	0.01657997	0.03360482	0.01657997	0.03360482	0.03360482	0.05038848	0.05038848	0.05038848	0.06720525	0.06720525	0.06720525	0.08419337	0.08419337	0.08419337	0.10093805	0.10093843	0.10093805	0.11840922	0.11840954	0.11840922	0.13535931	0.13535959	0.13535931	0.16142427	0.16142533	0.16142427	0.22137697	0.22137781	0.2213767	0.2935958	0.29359694	0.2935958
0.01776963	0.01776963	0.03571761	0.01776963	0.03571761	0.03571761	0.05355448	0.05355463	0.05355448	0.07127938	0.07113454	0.07127938	0.08918285	0.08918333	0.08918285	0.10711976	0.10712016	0.10711976	0.12552877	0.12553012	0.12552877	0.14353324	0.14353442	0.14353324	0.17054592	0.17054702	0.17054592	0.2321251	0.23213807	0.23212395	0.30659383	0.30659121	0.30659121
0.01867955	0.01867955	0.03769693	0.01867955	0.03769693	0.03769693	0.05659612	0.05659694	0.05659612	0.07537628	0.0753769	0.07537628	0.09434276	0.09434326	0.09434276	0.11334299	0.1133434	0.11334299	0.13268422	0.13268563	0.13268422	0.15175241	0.15175365	0.15175241	0.18002706	0.18002821	0.18002706	0.24312127	0.24312038	0.24312751	0.31968903	0.31968821	0.31968777
0.01974314	0.01974314	0.0396795	0.01974314	0.0396795	0.0396795	0.05980991	0.05981076	0.05980991	0.07949446	0.07949511	0.07949446	0.0995329	0.09953341	0.0995329	0.11944469	0.11944512	0.11944469	0.14003394	0.14003541	0.14003394	0.16017505	0.16017634	0.16017505	0.18957049	0.18957796	0.1895705	0.25438479	0.25438326	0.25457984	0.33288014	0.33287771	0.33287862
0.02081536	0.02081536	0.04183157	0.02081536	0.0418329	0.04183157	0.06288223	0.06288578	0.06288223	0.08363237	0.08363504	0.08363237	0.10491906	0.10492387	0.10491906	0.12590462	0.12590863	0.12590462	0.14742886	0.14743497	0.14742886	0.16865137	0.16865974	0.16865137	0.19917281	0.19917373	0.1991725	0.26572154	0.2657228	0.26572154	0.34662435	0.34662187	0.3466228
0.02189581	0.02189581	0.04400001	0.02189581	0.04400001	0.04400001	0.06613897	0.06613981	0.06613897	0.08796317	0.08796386	0.08796317	0.110171	0.11017155	0.110171	0.1322382	0.13223867	0.1322382	0.15486627	0.15486653	0.15486613	0.17717847	0.17717951	0.17717813	0.20901387	0.20902409	0.2090126	0.27734683	0.27734554	0.27734554	0.36048018	0.3605007	0.3604764
0.02280293	0.02280293	0.04618394	0.02280293	0.04618536	0.04618394	0.06941888	0.06941983	0.06941888	0.09232568	0.09232783	0.09232497	0.11562991	0.11563448	0.11562934	0.13878665	0.13879382	0.13878618	0.16252602	0.16253583	0.16252561	0.18593641	0.18594501	0.18593497	0.21891828	0.21891828	0.21892322	0.28948987	0.28948987	0.28948925	0.37443447	0.37467781	0.37443286
0.0240796	0.0240796	0.04838249	0.02408255	0.04838249	0.04838396	0.07272069	0.07272069	0.0727246	0.09671599	0.09671606	0.09671894	0.12112473	0.12112473	0.12112828	0.14537836	0.14537836	0.1453823	0.17023631	0.17023631	0.17024059	0.19475018	0.19475018	0.19475572	0.22888589	0.22888589	0.22888454	0.30128738	0.3012847	0.30128571	0.38899259	0.38898949	0.38898949
0.02498672	0.02498672	0.05059476	0.02498672	0.05059476	0.05059476	0.07604344	0.07604401	0.07604301	0.1011352	0.1011352	0.10113445	0.12685019	0.12685019	0.12684959	0.1520111	0.1520111	0.15201059	0.17799557	0.17799427	0.17799384	0.20362056	0.20362056	0.20361904	0.23911279	0.23911418	0.23911279	0.31361725	0.31361623	0.31361726	0.40392407	0.40392242	0.40392407
0.02629097	0.02629105	0.05302249	0.02629097	0.05302404	0.05302249	0.0793845	0.07938554	0.0793845	0.10578172	0.1057825	0.10578172	0.13241756	0.13241818	0.13241756	0.15888535	0.15888587	0.15888535	0.18600026	0.18600077	0.18600026	0.21294757	0.21294913	0.21294758	0.24983238	0.24983095	0.24983095	0.32628216	0.32606233	0.32628042	0.41924226	0.41924059	0.41924226
0.02740586	0.02740586	0.05526643	0.02740586	0.05526643	0.05526643	0.08295366	0.08295366	0.08295366	0.11025734	0.11025654	0.11025654	0.13822618	0.13822554	0.13822554	0.16581012	0.16580959	0.16580959	0.19406368	0.19406185	0.19406185	0.22235261	0.22235101	0.22235101	0.26020382	0.26020382	0.26020255	0.33904541	0.33904258	0.33904364	0.43468635	0.43468466	0.43468635
0.02852627	0.02852791	0.05752126	0.02852627	0.05752289	0.05752126	0.086553	0.08655408	0.086553	0.11518814	0.11518814	0.11518732	0.14429255	0.14429255	0.14429223	0.17299844	0.17299844	0.17299816	0.20261197	0.20261267	0.20261113	0.23182686	0.23182686	0.23182543	0.27108364	0.27108215	0.27108364	0.35215478	0.35215191	0.35215191	0.45080408	0.45080238	0.45080408
0.02987481	0.02987481	0.05978603	0.02987481	0.05978603	0.05978603	0.09018201	0.09018091	0.09018091	0.11971845	0.11971762	0.11971845	0.1501869	0.15018623	0.1501869	0.18024386	0.1802433	0.18024386	0.21078793	0.21078602	0.2107865	0.24136767	0.241366	0.24136767	0.2822759	0.28227476	0.2822759	0.3656235	0.36562168	0.3656221	0.46762974	0.46762116	0.46762425
0.03078176	0.03078176	0.06252005	0.03078176	0.06252005	0.06252005	0.09383574	0.09383574	0.09383574	0.124728	0.12472715	0.124728	0.15611704	0.15611636	0.15611704	0.1875431	0.18754254	0.1875431	0.21946992	0.21946908	0.21946908	0.25120255	0.25120128	0.25120255	0.29355884	0.2935743	0.29355691	0.3794642	0.37946235	0.37946235	0.48459671	0.48459153	0.4845943
0.03215243	0.03215243	0.06481523	0.03215243	0.06481696	0.06481523	0.09751698	0.09752044	0.09751583	0.1297803	0.12978724	0.1297803	0.16255562	0.16256464	0.16255562	0.19489456	0.19490151	0.19489283	0.22822078	0.22823118	0.22821929	0.26110891	0.26112267	0.26110797	0.30516872	0.30516558	0.30516676	0.39368897	0.39368711	0.39368897	0.50200333	0.50199915	0.50200089
0.03353995	0.03353995	0.06760421	0.03353995	0.06760421	0.06760421	0.10122066	0.10121949	0.10121949	0.13487297	0.13487209	0.13487297	0.1690512	0.16905049	0.1690512	0.20278048	0.20277812	0.20277871	0.23752417	0.23752267	0.23752267	0.271572	0.27157068	0.27157068	0.31686977	0.31686658	0.31686658	0.40803173	0.40802985	0.40802985	0.51985459	0.5198504	0.51985459
0.03469389	0.03469389	0.07017531	0.03469389	0.07017531	0.07017531	0.10519647	0.10519528	0.10519528	0.14000356	0.14000267	0.14000267	0.17560061	0.17559989	0.17559989	0.21048518	0.21048279	0.21048339	0.24666179	0.24665975	0.24666026	0.2821235	0.28212216	0.28212216	0.32917306	0.32917104	0.32917104	0.42333879	0.42333274	0.42333545	0.53846888	0.53846328	0.53846573
0.0361065	0.0361065	0.07276409	0.0361065	0.07276409	0.07276409	0.10920533	0.10920413	0.10920413	0.14542665	0.14542574	0.14542665	0.18220065	0.18220065	0.18220065	0.21850041	0.2184986	0.2184986	0.2561252	0.25612364	0.2561252	0.29275814	0.29275678	0.29275814	0.34158163	0.34157959	0.34157959	0.43849252	0.4384868	0.43848985	0.55786761	0.55786761	0.55785814
0.03753385	0.03753385	0.07563221	0.03753385	0.07563221	0.07563221	0.11350843	0.11350721	0.11350721	0.15089547	0.15089547	0.15089547	0.18911176	0.18911176	0.18911176	0.22684161	0.22683977	0.22683977	0.26566482	0.26566325	0.26566407	0.30399964	0.30399964	0.30399964	0.35436025	0.35435819	0.35435819	0.4543564	0.4543518	0.45435282	0.5777497	0.57774268	0.57774269
0.03897521	0.03897521	0.07825894	0.03897521	0.07825894	0.07825894	0.11758374	0.11758251	0.11758251	0.15640727	0.15640644	0.15640727	0.19607958	0.19607958	0.19607958	0.23525341	0.23525156	0.23525156	0.2755464	0.27554481	0.2755464	0.31533894	0.31533755	0.31533894	0.36751999	0.36751909	0.36751909	0.47065296	0.47065104	0.47065566	0.59844445	0.59844445	0.59844584
0.0404298	0.0404298	0.08117678	0.0404298	0.08117492	0.08117492	0.12196167	0.12196042	0.12196042	0.16223521	0.16223521	0.16223521	0.20337678	0.20337678	0.20337678	0.24400796	0.24400608	0.24400608	0.28550696	0.28550536	0.28550578	0.32704716	0.32704669	0.32704716	0.38079552	0.38078879	0.38079048	0.48739859	0.48739395	0.48739859	0.61964665	0.61964665	0.61965365
0.04189685	0.04189685	0.08411759	0.04189685	0.08411571	0.08411571	0.12637673	0.12637547	0.12637619	0.16811455	0.1681118	0.16811274	0.21102044	0.21101742	0.21101818	0.25283661	0.25283409	0.25283472	0.29639283	0.29638798	0.29639014	0.33885591	0.33885166	0.33885355	0.39474644	0.39474306	0.39474644	0.50490946	0.50490946	0.50490327	0.64203931	0.64203547	0.64203931
0.04337558	0.04337558	0.08708163	0.04337558	0.08707974	0.08707974	0.13082656	0.1308253	0.13082656	0.17461313	0.17461218	0.17461313	0.21844334	0.21844106	0.21844106	0.26231212	0.26231021	0.26231212	0.30680286	0.30679851	0.30680014	0.35133271	0.35132891	0.35133034	0.40882032	0.40881819	0.40881819	0.52320933	0.52320159	0.52319888	0.66495756	0.66495756	0.66495757
0.04486519	0.04486519	0.09036096	0.04486519	0.09065269	0.09065269	0.13589659	0.13589557	0.13589532	0.18059231	0.18059231	0.18059231	0.22650889	0.2265066	0.2265066	0.27158137	0.27157946	0.27157946	0.31787753	0.31787332	0.31787496	0.3639188	0.36391642	0.36391642	0.42360918	0.42360704	0.42361185	0.54166267	0.54165919	0.54166268	0.68945063	0.68944235	0.68944614
0.04636487	0.04636487	0.09367208	0.04636487	0.09367016	0.09367016	0.14072033	0.14071905	0.14072033	0.18721147	0.18721147	0.18721147	0.23434734	0.23434503	0.23434734	0.28122252	0.28122059	0.28122252	0.32934332	0.32934168	0.32934607	0.3769083	0.3769059	0.3769083	0.4388356	0.43883046	0.4388326	0.56092419	0.56092419	0.56093037	0.71414728	0.71418267	0.71414728
0.04817887	0.04817887	0.0970131	0.04817887	0.09701118	0.09701118	0.14558294	0.14558166	0.14558294	0.19389037	0.19389037	0.19389037	0.24285504	0.24285273	0.24285504	0.29124772	0.29124579	0.29124772	0.34121906	0.34121631	0.34121906	0.3903114	0.390309	0.39031141	0.45450589	0.45450589	0.45449688	0.58103224	0.58102508	0.58102854	0.74045445	0.74046296	0.7404667
0.04970193	0.04970381	0.1006931	0.04970193	0.1006931	0.10069118	0.15110431	0.15110815	0.15110431	0.20093959	0.20093959	0.2009367	0.2514381	0.25144196	0.25143579	0.30198391	0.30198391	0.30198038	0.3531947	0.35319855	0.35319194	0.40445376	0.40445376	0.40444797	0.47030455	0.47029767	0.47029767	0.60197617	0.60197617	0.60197617	NaN	NaN	NaN
0.05186526	0.05186526	0.103777	0.05186526	0.10377507	0.10377515	0.15636449	0.15636449	0.15636449	0.20773186	0.20772895	0.20772895	0.26041276	0.2604089	0.26040802	0.31249916	0.31249594	0.31249594	0.36590579	0.36590115	0.36589918	0.41871778	0.41871441	0.41871441	0.48751831	0.48751831	0.48751831	0.62379508	0.62378746	0.62379089	NaN	NaN	NaN
0.05341349	0.05341349	0.1075181	0.05341349	0.10751617	0.10751677	0.16166597	0.16166597	0.16166597	0.21521735	0.21521445	0.21521735	0.26977885	0.26977885	0.26977885	0.32374332	0.3237401	0.32374332	0.37904317	0.37904317	0.37904317	0.43374583	0.43374246	0.43374583	0.50488941	0.50488941	0.50489241	0.64649301	0.64651724	0.64648885	NaN	NaN	NaN
0.05529463	0.05529463	0.11161779	0.05529463	0.11161768	0.1116196	0.16766129	0.16766129	0.1676613	0.22309353	0.22309353	0.22309643	0.27923029	0.27922877	0.27923029	0.33508195	0.33508196	0.33508517	0.39262405	0.39262405	0.3926268	0.4492291	0.4492291	0.44923246	0.52275069	0.52274684	0.52275069	0.67043071	0.67044009	0.67044422	NaN	NaN	NaN
0.05719112	0.05719112	0.11542929	0.05719112	0.11542737	0.11542929	0.17337961	0.17337961	0.17337961	0.23104687	0.23104399	0.23104687	0.28942635	0.28942479	0.28942479	0.34718564	0.34718243	0.34718564	0.40666436	0.40666053	0.40666418	0.46518417	0.46518082	0.46518418	0.54176743	0.54177001	0.54177001	0.69532106	0.69531622	0.69533295	NaN	NaN	NaN
0.0591018	0.0591018	0.11994324	0.0591018	0.11994134	0.11994324	0.17947819	0.17947819	0.17947819	0.23906366	0.23906366	0.23906366	0.29970982	0.29970982	0.29970982	0.35972967	0.35972967	0.35972967	0.42149084	0.42149084	0.42149466	0.4819465	0.4819465	0.4819465	0.560958	0.56094954	0.56095015	0.721137	0.7211164	0.721137	NaN	NaN	NaN
0.06136843	0.06136843	0.12381676	0.06136843	0.12381486	0.12381676	0.18631412	0.18631229	0.18631229	0.24782922	0.24782637	0.24782922	0.31077067	0.31076686	0.31076686	0.37272918	0.37272157	0.37272474	0.43645392	0.43645012	0.43645012	0.49954408	0.49953648	0.4995398	0.58168862	0.58171215	0.58168862	0.7482525	0.74823214	0.7482525	NaN	NaN	NaN
0.06365685	0.06365693	0.12840974	0.06365685	0.12841416	0.12840974	0.19286245	0.19287252	0.19286245	0.25667084	0.2566822	0.25667084	0.32157582	0.32158792	0.32157204	0.38617762	0.38619465	0.38617762	0.45223152	0.45224932	0.45223152	0.51763547	0.51765584	0.51763321	0.60294635	0.60295302	0.60295677	0.77744269	0.77742872	0.77744878	NaN	NaN	NaN
0.06596553	0.06596553	0.13339415	0.06596553	0.13339565	0.13339602	0.19981491	0.19981616	0.19981616	0.2662863	0.26629006	0.26629006	0.33351608	0.33351908	0.33352283	0.40008868	0.40009432	0.40009432	0.46883841	0.46884323	0.46884697	0.53657685	0.53622956	0.53623245	0.62548214	0.6254776	0.62549369	NaN	NaN	NaN	NaN	NaN	NaN
0.06865059	0.06865059	0.13807093	0.06865059	0.13807093	0.13807093	0.20754538	0.20754168	0.20754538	0.27599268	0.27599268	0.27599733	0.34593012	0.34592824	0.34593532	0.41484348	0.41483914	0.41484906	0.48596376	0.48595899	0.48596959	0.55641384	0.55640967	0.55642496	0.64856543	0.64854583	0.64856543	NaN	NaN	NaN	NaN	NaN	NaN
0.07099976	0.07099976	0.14350485	0.07099976	0.14350485	0.14350485	0.21534019	0.21533653	0.21534019	0.28650304	0.28649845	0.28650304	0.35880864	0.35879982	0.35880864	0.43044048	0.43043067	0.43044048	0.50430862	0.50429447	0.50430862	0.57713933	0.5771242	0.57713933	0.67329332	0.67327758	0.67329332	NaN	NaN	NaN	NaN	NaN	NaN
0.0737313	0.0737313	0.14862039	0.0737313	0.14862039	0.14862039	0.22319888	0.22319525	0.22319888	0.29709707	0.29709252	0.29709707	0.37215305	0.37214433	0.37215305	0.44652744	0.44651774	0.44652744	0.52316686	0.5235242	0.52316686	0.59912521	0.59911026	0.59912521	0.6989614	0.69895185	0.69896737	NaN	NaN	NaN	NaN	NaN	NaN
0.07648557	0.07648557	0.15414362	0.07648557	0.15414362	0.15414362	0.23148787	0.23148429	0.23148787	0.30814413	0.30813964	0.30814413	0.38634531	0.3863367	0.38634531	0.46385771	0.46384815	0.46385771	0.54366104	0.54365345	0.54366367	0.62202891	0.62201997	0.62203472	0.72634563	0.72634053	0.72641528	NaN	NaN	NaN	NaN	NaN	NaN
0.07926352	0.07926062	0.16046005	0.07917931	0.16046005	0.16029356	0.24059095	0.24058972	0.24041523	0.32040288	0.32039846	0.32041204	0.40140196	0.40139702	0.40129482	0.48170468	0.48169938	0.48189767	0.56470218	0.56469546	0.56446464	0.64624992	0.64624507	0.64597318	0.755077	0.75508471	0.75510207	NaN	NaN	NaN	NaN	NaN	NaN
0.08243447	0.08243447	0.16645028	0.08243798	0.16645028	0.16645549	0.25014353	0.25014486	0.25015279	0.33313747	0.33313747	0.33314791	0.41732973	0.41733321	0.41734433	0.50082005	0.50082579	0.50083738	0.58703987	0.58704334	0.58705968	0.67179193	0.67179886	0.67181575	0.78561584	0.78559652	0.78560864	NaN	NaN	NaN	NaN	NaN	NaN
0.08602092	0.08601748	0.17287115	0.08602092	0.17286602	0.17287115	0.25978267	0.25977698	0.25978267	0.34598524	0.34597926	0.34598524	0.43378813	0.4337772	0.43378813	0.52088354	0.52086996	0.52088135	0.61035613	0.61033715	0.61034883	0.69872818	0.69870903	0.69872095	NaN	NaN	NaN	NaN	NaN	NaN	NaN	NaN	NaN
