-0.09382823	-0.09382823	-0.1887678	-0.1887678	-0.18876943	-0.28207244	-0.28128864	-0.28128973	-0.37452826	-0.37452826	-0.28128864	-0.37453154	-0.46848459	-0.46848459	-0.46848721	-0.46848458	-0.56080911	-0.56080911	-0.56081403	-0.56080911	-0.65541262	-0.65541262	-0.65541682	-0.65541262	-0.7479941	-0.7479941	-0.74800064	-0.7479941	-0.80548551	-0.80548551	-0.80551564	-0.80548551
-0.08979621	-0.08979621	-0.18108291	-0.18108291	-0.18108958	-0.27114007	-0.27036399	-0.27037402	-0.35996976	-0.35996976	-0.27036399	-0.35998315	-0.44989903	-0.44989903	-0.44991574	-0.44989903	-0.53860173	-0.53860173	-0.53862182	-0.53860173	-0.62956233	-0.62956233	-0.6295857	-0.62956233	-0.71852231	-0.71852231	-0.71854902	-0.71852231	-0.77458607	-0.77458607	-0.77458607	-0.77458607
-0.0861842	-0.0861842	-0.17384498	-0.17384498	-0.17384498	-0.26067424	-0.25990611	-0.25990611	-0.34590571	-0.34590571	-0.25990611	-0.34590571	-0.43261045	-0.43261045	-0.43261045	-0.43261045	-0.51771891	-0.51771891	-0.51771891	-0.51771891	-0.60506361	-0.60506361	-0.60506361	-0.6050636	-0.69081244	-0.69081244	-0.69081244	-0.69081244	-0.74506568	-0.74506568	-0.74506568	-0.74506568
-0.08298301	-0.08298301	-0.16742778	-0.16742778	-0.16742778	-0.25067088	-0.24991094	-0.24991094	-0.33271444	-0.33271444	-0.24991094	-0.33271444	-0.41583713	-0.41583713	-0.41583713	-0.41583713	-0.49814046	-0.49814046	-0.49814046	-0.49814046	-0.58227777	-0.58227777	-0.58227777	-0.58227777	-0.66445877	-0.66445877	-0.66445877	-0.66445877	-0.717306	-0.71728327	-0.71728366	-0.71728327
-0.08018279	-0.08018273	-0.1610612	-0.16105944	-0.16105944	-0.24112982	-0.24037361	-0.24037361	-0.32001359	-0.32000565	-0.24037361	-0.32000565	-0.40034092	-0.40032965	-0.40032965	-0.40032965	-0.47910878	-0.47909408	-0.47909408	-0.47909408	-0.56006658	-0.56004849	-0.56004899	-0.56004848	-0.6394654	-0.63944386	-0.6394443	-0.63944385	-0.69120885	-0.69120845	-0.69120885	-0.69121203
-0.07702876	-0.07702876	-0.15511635	-0.15511635	-0.15511635	-0.23240282	-0.23165995	-0.23165995	-0.30814722	-0.30814722	-0.23166114	-0.30814722	-0.38531966	-0.38531966	-0.38531966	-0.38532252	-0.46169351	-0.46169292	-0.46169292	-0.4616953	-0.53949086	-0.53949035	-0.53949035	-0.53949239	-0.61611849	-0.61611804	-0.61611804	-0.61612205	-0.66571559	-0.66571196	-0.66571559	-0.66571196
-0.07427279	-0.07427151	-0.14922438	-0.14922257	-0.14922257	-0.22375148	-0.22301629	-0.22301749	-0.29712539	-0.29712176	-0.22301628	-0.29712267	-0.37154083	-0.37153794	-0.37154073	-0.37153794	-0.44480147	-0.44479905	-0.44480147	-0.44479905	-0.520205	-0.52020035	-0.52020242	-0.52020035	-0.59371896	-0.59371489	-0.59371896	-0.59371489	-0.64224169	-0.64224169	-0.64224535	-0.64224168
-0.07153659	-0.07153659	-0.14374507	-0.14374507	-0.14374507	-0.21553616	-0.21517371	-0.21517493	-0.2865483	-0.2865483	-0.21517371	-0.28654922	-0.3582305	-0.3582305	-0.35823343	-0.3582305	-0.42913439	-0.42913439	-0.42913684	-0.42913439	-0.50142946	-0.50142945	-0.50143154	-0.50142945	-0.57222366	-0.57222366	-0.57222777	-0.57222366	-0.61896505	-0.61896505	-0.61897533	-0.61896505
-0.068826	-0.068826	-0.13903214	-0.13903214	-0.13903319	-0.20775263	-0.20739485	-0.20739609	-0.27642058	-0.27642058	-0.20739485	-0.27642428	-0.34503578	-0.34503578	-0.34503944	-0.34503578	-0.41359803	-0.41359803	-0.41360359	-0.41359803	-0.48353384	-0.48353384	-0.48354228	-0.48353384	-0.55198846	-0.55198846	-0.55199585	-0.55198846	-0.59730523	-0.59730357	-0.5973102	-0.59730356
-0.06649518	-0.06649518	-0.13364586	-0.13364586	-0.13364586	-0.20074414	-0.20003812	-0.20003936	-0.26637981	-0.26637887	-0.20003812	-0.26637981	-0.33302116	-0.33302041	-0.3330234	-0.33302041	-0.39890576	-0.39890514	-0.39890763	-0.39890514	-0.46650002	-0.46649789	-0.46650268	-0.46649789	-0.53263151	-0.53262965	-0.53263384	-0.53262965	-0.57652171	-0.57652171	-0.57652171	-0.5762961
-0.06418273	-0.06418273	-0.12936069	-0.12936069	-0.12936069	-0.19344239	-0.19309425	-0.19309425	-0.25712583	-0.25712583	-0.19312568	-0.25712583	-0.32145443	-0.32145443	-0.32145443	-0.32151544	-0.38503711	-0.38503711	-0.38503711	-0.38476587	-0.44995756	-0.44995756	-0.44995756	-0.45004827	-0.51378498	-0.51378498	-0.51378498	-0.51389063	-0.55626261	-0.55627776	-0.55626261	-0.55630469
-0.0618902	-0.06189403	-0.12476183	-0.12476372	-0.12476183	-0.18655329	-0.18655835	-0.18655329	-0.24829553	-0.24829967	-0.18656467	-0.24829553	-0.30998837	-0.3099952	-0.30998837	-0.31001392	-0.37163166	-0.37164178	-0.37163166	-0.37166264	-0.43459342	-0.43460206	-0.43459342	-0.43462797	-0.49613601	-0.49614782	-0.49613601	-0.49617427	-0.53719749	-0.53719749	-0.53719749	-0.53719918
-0.05995776	-0.05995776	-0.12020564	-0.12020564	-0.12020564	-0.18040457	-0.17972845	-0.17972845	-0.23954104	-0.23954104	-0.17972972	-0.23954104	-0.29930491	-0.29930491	-0.29930491	-0.29930567	-0.35868269	-0.35868269	-0.35868269	-0.35868332	-0.41935984	-0.41935984	-0.41935984	-0.41936201	-0.47897613	-0.47897613	-0.47897613	-0.47897803	-0.51896169	-0.51896169	-0.51896211	-0.51896169
-0.0577045	-0.0577045	-0.11636146	-0.11636146	-0.11636146	-0.17430389	-0.17363815	-0.17363815	-0.23120071	-0.23120071	-0.17363815	-0.23120167	-0.28938047	-0.28938047	-0.28938123	-0.28938046	-0.34651543	-0.34651543	-0.34651607	-0.34651543	-0.4049303	-0.4049303	-0.40493084	-0.40493029	-0.46263268	-0.46263268	-0.46263315	-0.46263268	-0.50120971	-0.50120971	-0.50121014	-0.50120971
-0.05580375	-0.05580375	-0.11221698	-0.11221698	-0.11221698	-0.16825514	-0.1676	-0.1676	-0.22326435	-0.22326435	-0.1676	-0.22326435	-0.27920909	-0.27920909	-0.27920985	-0.27920908	-0.33445298	-0.33445298	-0.33445362	-0.33445298	-0.39095642	-0.39095642	-0.39095696	-0.39095642	-0.44675875	-0.44675875	-0.44675923	-0.44675875	-0.48395216	-0.48393681	-0.48394065	-0.48393681
-0.05359925	-0.05359536	-0.10843757	-0.10843565	-0.10843744	-0.16258948	-0.16194001	-0.16194129	-0.21572977	-0.2157211	-0.16194001	-0.21572207	-0.26946331	-0.26945639	-0.26945946	-0.26945639	-0.32283462	-0.32282436	-0.32282692	-0.32282436	-0.37776588	-0.3777522	-0.37775439	-0.3777522	-0.43136042	-0.43134845	-0.43135275	-0.43134844	-0.46745255	-0.46745255	-0.46745639	-0.46745255
-0.05204867	-0.05204867	-0.10468668	-0.10468668	-0.10468668	-0.15664549	-0.15664549	-0.15664677	-0.20855945	-0.20855945	-0.15664549	-0.20856041	-0.26042844	-0.26042844	-0.26043152	-0.26042844	-0.31225236	-0.31225236	-0.31225493	-0.31225236	-0.36466226	-0.36466226	-0.36466446	-0.36466226	-0.41639515	-0.41639515	-0.41639946	-0.41639514	-0.45142455	-0.45142455	-0.45143136	-0.45142455
-0.05019667	-0.05019667	-0.10097237	-0.10097237	-0.10097237	-0.15139203	-0.15108094	-0.15108223	-0.20114555	-0.20114555	-0.15108094	-0.20114651	-0.25147666	-0.25147666	-0.25147973	-0.25147666	-0.3011425	-0.3011425	-0.30114506	-0.3011425	-0.35231461	-0.35231461	-0.35231954	-0.35231461	-0.40220126	-0.40220126	-0.40220557	-0.40220126	-0.43584561	-0.43584561	-0.43584944	-0.43584561
-0.0483632	-0.0483632	-0.09760069	-0.09760069	-0.09760069	-0.14618277	-0.14587736	-0.14587864	-0.19441615	-0.19441615	-0.14587736	-0.19441711	-0.24291128	-0.24291128	-0.24291205	-0.24291128	-0.29105805	-0.29105805	-0.29106061	-0.29105805	-0.34007444	-0.34007444	-0.34007662	-0.34007444	-0.38874172	-0.38874172	-0.38874363	-0.38874172	-0.42100586	-0.42100586	-0.42102111	-0.42100586
-0.04684959	-0.04684959	-0.09425662	-0.09425662	-0.09425853	-0.14132041	-0.14072115	-0.14072626	-0.18744298	-0.18744298	-0.14072115	-0.18744988	-0.23472028	-0.23472028	-0.23472716	-0.23472028	-0.28105727	-0.28105727	-0.28106746	-0.28105727	-0.32854608	-0.32854608	-0.32855478	-0.32854607	-0.37509548	-0.37509548	-0.37510738	-0.37509548	-0.40629492	-0.40629492	-0.40629492	-0.40629492
-0.04505071	-0.04505071	-0.09094213	-0.09094213	-0.09094213	-0.13620287	-0.1359091	-0.1359091	-0.18112796	-0.18112796	-0.1359091	-0.18112796	-0.22659781	-0.22659781	-0.22659781	-0.22659781	-0.27114596	-0.27114596	-0.27114596	-0.27114596	-0.3174088	-0.3174088	-0.3174088	-0.31740879	-0.36245737	-0.36245737	-0.36245737	-0.36245737	-0.39229393	-0.39229351	-0.39229351	-0.3922935
-0.04356194	-0.04356194	-0.08794719	-0.08794719	-0.08794719	-0.13171416	-0.13113855	-0.13113855	-0.1748644	-0.1748644	-0.13113855	-0.1748644	-0.21854925	-0.2185485	-0.2185485	-0.2185485	-0.26190441	-0.26190378	-0.26190378	-0.26190378	-0.30636508	-0.30636455	-0.30636455	-0.30636455	-0.34992284	-0.34992237	-0.34992237	-0.34992237	-0.37841341	-0.37841341	-0.37842007	-0.3784134
-0.04208393	-0.04208393	-0.08497353	-0.08497353	-0.08497436	-0.12725744	-0.12669393	-0.12669518	-0.16893724	-0.16893724	-0.12669393	-0.16893897	-0.21113932	-0.21113932	-0.21114233	-0.21113932	-0.25273823	-0.25273823	-0.25274118	-0.25273823	-0.29541949	-0.29541949	-0.29542431	-0.29541949	-0.33749743	-0.33749743	-0.33750227	-0.33749743	-0.36523046	-0.36521023	-0.36521188	-0.36521023
-0.04061746	-0.04061746	-0.0817487	-0.08174684	-0.0817476	-0.12228885	-0.12228387	-0.12228511	-0.16278925	-0.16278084	-0.12228387	-0.16278178	-0.20379974	-0.20378783	-0.20378858	-0.20378783	-0.24393905	-0.24392911	-0.2439316	-0.24392911	-0.28514204	-0.28512877	-0.2851309	-0.28512877	-0.32575463	-0.32573793	-0.32573979	-0.32573793	-0.35238646	-0.35238646	-0.35238652	-0.35238645
-0.03916333	-0.03916333	-0.07882671	-0.07882671	-0.07882671	-0.11818014	-0.11791073	-0.11791073	-0.15695527	-0.15695527	-0.11791073	-0.15695527	-0.19649795	-0.19649795	-0.19649795	-0.19649795	-0.23519416	-0.23519416	-0.23519416	-0.23519416	-0.27492446	-0.27492446	-0.27492446	-0.27492446	-0.31407728	-0.31407728	-0.31407728	-0.31407728	-0.33966865	-0.33966865	-0.33967512	-0.33966865
-0.03772232	-0.03772232	-0.07593266	-0.07593266	-0.07593449	-0.11410305	-0.11357684	-0.11357806	-0.15144495	-0.15144495	-0.11357684	-0.15144861	-0.18927356	-0.18927356	-0.18927648	-0.18927356	-0.2268003	-0.2268003	-0.22680578	-0.2268003	-0.26507399	-0.26507399	-0.26507867	-0.26507399	-0.3027834	-0.30278339	-0.30279067	-0.30278339	-0.3275736	-0.3275736	-0.3275752	-0.3275736
-0.03629517	-0.03629517	-0.07332322	-0.07332322	-0.07332322	-0.10979794	-0.10954122	-0.10954242	-0.14597738	-0.14597738	-0.10954122	-0.14597828	-0.18237464	-0.18237464	-0.18237536	-0.18237464	-0.21847704	-0.21847704	-0.21847765	-0.21847704	-0.25556352	-0.25556352	-0.25556558	-0.25556352	-0.29184321	-0.29184321	-0.291845	-0.29184321	-0.31532317	-0.31532317	-0.31532475	-0.31532317
-0.03513348	-0.03513348	-0.07047945	-0.07047945	-0.07047945	-0.10578674	-0.10553646	-0.10553646	-0.14055528	-0.14055528	-0.10553646	-0.14055617	-0.17578558	-0.17578558	-0.17578629	-0.17578558	-0.21047812	-0.21047812	-0.21047871	-0.21047812	-0.24612955	-0.24612955	-0.24613006	-0.24612955	-0.28124311	-0.28124311	-0.28124355	-0.28124311	-0.30366917	-0.30366917	-0.30366956	-0.30366917
-0.0337298	-0.0337298	-0.06791021	-0.06791021	-0.06791021	-0.10180831	-0.10156458	-0.10156458	-0.13518142	-0.13518142	-0.10156458	-0.13518142	-0.16924705	-0.16924705	-0.16924705	-0.16924705	-0.20278812	-0.20278812	-0.20278812	-0.20278812	-0.23701941	-0.23701941	-0.23701941	-0.23701941	-0.27072659	-0.27072659	-0.27072659	-0.27072659	-0.29210707	-0.29210707	-0.29210745	-0.29210707
-0.03234213	-0.03234213	-0.06535974	-0.06535974	-0.06535974	-0.09786466	-0.09786466	-0.09786466	-0.13009532	-0.13009532	-0.09786466	-0.1300958	-0.16276224	-0.16276224	-0.16276293	-0.16276224	-0.19491851	-0.19491851	-0.19491908	-0.19491851	-0.2279819	-0.2279819	-0.22798239	-0.2279819	-0.26053454	-0.26053454	-0.26053497	-0.26053454	-0.28110038	-0.28110001	-0.28110244	-0.28110001
-0.03120219	-0.03120219	-0.06282925	-0.06282925	-0.06282925	-0.09418812	-0.09418812	-0.09418869	-0.12504941	-0.12504941	-0.09418812	-0.12505026	-0.15656419	-0.15656419	-0.15656495	-0.15656418	-0.18758213	-0.18758184	-0.18758325	-0.18758184	-0.21925094	-0.2192507	-0.21925191	-0.2192507	-0.25042312	-0.25042289	-0.25042563	-0.25042289	-0.27016922	-0.27016885	-0.27016885	-0.27017032
-0.03006619	-0.03006619	-0.06054391	-0.06054391	-0.06054391	-0.09053667	-0.09008929	-0.09008929	-0.12049291	-0.12049291	-0.09008929	-0.12049291	-0.15041259	-0.15041259	-0.15041259	-0.15041325	-0.18029565	-0.18029565	-0.18029565	-0.18029621	-0.21058727	-0.21058726	-0.21058726	-0.21058802	-0.24084147	-0.24084106	-0.24084106	-0.24084271	-0.25931857	-0.25931857	-0.25931857	-0.25931857
-0.02871719	-0.02871719	-0.057833	-0.057833	-0.057833	-0.08691197	-0.08669511	-0.08669511	-0.11552087	-0.11552087	-0.08669511	-0.11552087	-0.1445266	-0.1445266	-0.1445266	-0.1445266	-0.17306326	-0.17306326	-0.17306326	-0.17306326	-0.20242712	-0.20242712	-0.20242712	-0.20242712	-0.23089084	-0.23089084	-0.23089084	-0.23089084	-0.24855405	-0.24855405	-0.24855405	-0.24855405
-0.0275974	-0.0275974	-0.05557983	-0.05557983	-0.05557983	-0.08331566	-0.08331566	-0.08331566	-0.11059594	-0.11059594	-0.08331566	-0.11059594	-0.13867891	-0.13867891	-0.13867891	-0.13867891	-0.16588793	-0.16588793	-0.16588793	-0.16588793	-0.19389737	-0.19389737	-0.19389737	-0.19389737	-0.22145221	-0.22145221	-0.22145221	-0.2214522	-0.2382829	-0.2382829	-0.23828598	-0.2382829
-0.02648303	-0.02648303	-0.05333742	-0.05333742	-0.05333742	-0.07974934	-0.07974934	-0.07975038	-0.10612592	-0.10612592	-0.07974934	-0.1061267	-0.13287209	-0.13287209	-0.13287456	-0.13287209	-0.15897511	-0.15897511	-0.15897717	-0.15897511	-0.18585096	-0.18585096	-0.18585272	-0.18585096	-0.21228636	-0.21228636	-0.21228983	-0.21228636	-0.22807903	-0.22807903	-0.22807903	-0.22807903
-0.02537457	-0.02537457	-0.0511067	-0.0511067	-0.0511067	-0.07641065	-0.07621462	-0.07621462	-0.10167948	-0.10167948	-0.07621462	-0.10167948	-0.12710865	-0.12710865	-0.12710865	-0.12710865	-0.1521117	-0.1521117	-0.1521117	-0.1521117	-0.17785979	-0.17785979	-0.17785979	-0.17785979	-0.20318169	-0.20318169	-0.20318169	-0.20318169	-0.21794675	-0.21794675	-0.21794675	-0.21794675
-0.02427246	-0.02427246	-0.0488886	-0.0488886	-0.0488886	-0.07309095	-0.07290201	-0.07290201	-0.09706978	-0.09706978	-0.07290201	-0.09706978	-0.12139107	-0.12139107	-0.12139107	-0.12139107	-0.14548878	-0.14548878	-0.14548878	-0.14548878	-0.17011511	-0.17011511	-0.17011511	-0.17011511	-0.19432965	-0.19432965	-0.19432965	-0.19432965	-0.20807048	-0.20807048	-0.20807048	-0.20807048
-0.02317717	-0.02317717	-0.04650195	-0.04650195	-0.04650195	-0.06979163	-0.06960981	-0.06960981	-0.09268311	-0.09268311	-0.06960981	-0.09268311	-0.11590307	-0.11590307	-0.11590307	-0.11590307	-0.13890686	-0.13890686	-0.13890686	-0.13890686	-0.16241814	-0.16241814	-0.16241814	-0.16241814	-0.18535176	-0.18535176	-0.18535176	-0.18535176	-0.19825984	-0.19825984	-0.19826015	-0.19825984
-0.02208914	-0.02208914	-0.04431898	-0.04431898	-0.04431898	-0.06651401	-0.06633939	-0.06633939	-0.08832551	-0.08832551	-0.06633939	-0.0883262	-0.11062549	-0.11062549	-0.11062604	-0.11062549	-0.1323686	-0.1323686	-0.13236906	-0.1323686	-0.15477203	-0.15477203	-0.15477243	-0.15477203	-0.1767929	-0.1767929	-0.17679324	-0.1767929	-0.18868455	-0.18868455	-0.18868455	-0.18868455
-0.02100881	-0.02100881	-0.04231903	-0.04231903	-0.04231903	-0.06325944	-0.06325944	-0.06325944	-0.08416586	-0.08416586	-0.06325944	-0.08416586	-0.10520511	-0.10520511	-0.10520511	-0.10520511	-0.12604323	-0.12604323	-0.12604323	-0.12604323	-0.14734615	-0.14734615	-0.14734615	-0.14734615	-0.1682813	-0.1682813	-0.1682813	-0.1682813	-0.17932664	-0.17932664	-0.17932664	-0.17932664
-0.01993661	-0.01993661	-0.04016037	-0.04016037	-0.04016037	-0.06018931	-0.0600292	-0.0600292	-0.07986437	-0.07986437	-0.0600292	-0.07986437	-0.09998495	-0.09998495	-0.09998495	-0.09998495	-0.11959289	-0.11959289	-0.11959289	-0.11959289	-0.13996265	-0.13996265	-0.13996265	-0.13996265	-0.15982026	-0.15982026	-0.15982026	-0.15982025	-0.16986552	-0.16986552	-0.16986552	-0.16986552
-0.01887298	-0.01887298	-0.03817178	-0.03817178	-0.03817178	-0.05713011	-0.0568246	-0.0568246	-0.0757496	-0.0757496	-0.0568246	-0.0757496	-0.09464069	-0.09464069	-0.09464069	-0.09464069	-0.11349785	-0.11349785	-0.11349785	-0.11349785	-0.13262438	-0.13262438	-0.13262438	-0.13262438	-0.15141306	-0.15141306	-0.15141306	-0.15141306	-0.16075803	-0.16075803	-0.16075907	-0.16075803
-0.01796424	-0.01796424	-0.03604064	-0.03604064	-0.03604064	-0.05393761	-0.05379225	-0.05379225	-0.07165594	-0.07165594	-0.05379225	-0.07165653	-0.0896309	-0.0896309	-0.08963137	-0.0896309	-0.10728264	-0.10728264	-0.10728303	-0.10728264	-0.12533414	-0.12533414	-0.12533447	-0.12533414	-0.14320691	-0.14320691	-0.14320808	-0.14320691	-0.15155454	-0.15155429	-0.15155429	-0.15155429
-0.01677306	-0.01677306	-0.03392818	-0.03392818	-0.03392818	-0.05091109	-0.05077316	-0.05077316	-0.06758495	-0.06758495	-0.05077316	-0.06758495	-0.08463832	-0.08463832	-0.08463832	-0.08463832	-0.10124638	-0.10124601	-0.10124601	-0.101246	-0.11836869	-0.11836838	-0.11836838	-0.11836838	-0.13504641	-0.13504613	-0.13504613	-0.13504613	-0.14253786	-0.14253763	-0.14253857	-0.14253763
-0.0158686	-0.0158686	-0.03196592	-0.03196592	-0.03196592	-0.04789888	-0.04776842	-0.04776873	-0.06366829	-0.06366829	-0.04776842	-0.06366882	-0.07953477	-0.07953477	-0.0795352	-0.07953477	-0.09523846	-0.0952382	-0.09523855	-0.09523819	-0.11129716	-0.11129686	-0.11129807	-0.11129686	-0.12719216	-0.12719189	-0.12719295	-0.12719189	-0.13368976	-0.13368887	-0.13368887	-0.13368887
-0.01495932	-0.01495932	-0.03000892	-0.03000892	-0.03000892	-0.04502501	-0.04477912	-0.04477912	-0.05963954	-0.05963954	-0.04477912	-0.05963954	-0.07446737	-0.07446697	-0.07446697	-0.07446697	-0.08938383	-0.0893835	-0.0893835	-0.0893835	-0.10426672	-0.10426644	-0.10426643	-0.10426643	-0.11911602	-0.11911577	-0.11911577	-0.11911577	-0.12476101	-0.12476101	-0.12476185	-0.12476101
-0.01381358	-0.01381358	-0.02794219	-0.02794219	-0.02794219	-0.04203711	-0.04180632	-0.04180632	-0.05563785	-0.05563785	-0.04180632	-0.05563833	-0.06966647	-0.06966647	-0.06966685	-0.06966647	-0.08343221	-0.08343221	-0.08343253	-0.08343221	-0.09739391	-0.09739391	-0.09739418	-0.09739391	-0.11132186	-0.11132186	-0.11132256	-0.11132186	-0.11609838	-0.11609838	-0.11609838	-0.11609838
-0.01291064	-0.01291064	-0.02611338	-0.02611338	-0.02611338	-0.03906668	-0.03885106	-0.03885106	-0.05177217	-0.05177217	-0.03885106	-0.05177217	-0.06487505	-0.06487505	-0.06487505	-0.06487505	-0.07751609	-0.07751609	-0.07751609	-0.07751609	-0.09055232	-0.09055232	-0.09055232	-0.09055232	-0.10355463	-0.10355463	-0.10355463	-0.10355463	-0.10726416	-0.10726416	-0.10726416	-0.10726416
-0.01200376	-0.01200376	-0.0240757	-0.0240757	-0.0240757	-0.03611478	-0.03611478	-0.03611478	-0.04792114	-0.04792114	-0.03611478	-0.04792114	-0.059895	-0.059895	-0.059895	-0.059895	-0.07183596	-0.07183596	-0.07183596	-0.07183596	-0.08394218	-0.08394218	-0.08394218	-0.08394218	-0.09581674	-0.09581674	-0.09581674	-0.09581674	-0.09867073	-0.09867073	-0.09867073	-0.09867073
-0.01109322	-0.01109322	-0.02224685	-0.02224685	-0.02224685	-0.03318242	-0.03318242	-0.03318242	-0.04408607	-0.04408607	-0.03318242	-0.04408607	-0.0551418	-0.0551418	-0.0551418	-0.0551418	-0.06598106	-0.06598106	-0.06598106	-0.06598106	-0.07715416	-0.07715416	-0.07715416	-0.07715416	-0.08811077	-0.08811077	-0.08811077	-0.08811077	-0.09019183	-0.09019183	-0.09019183	-0.09019183
-0.01009391	-0.01009391	-0.02024096	-0.02024096	-0.02024096	-0.03044033	-0.03027061	-0.03027061	-0.04035283	-0.04035283	-0.03027061	-0.04035283	-0.05040247	-0.05040247	-0.05040247	-0.05040247	-0.06033548	-0.06033548	-0.06033548	-0.06033548	-0.0705715	-0.0705715	-0.0705715	-0.0705715	-0.08043931	-0.08043931	-0.08043931	-0.08043931	-0.08173162	-0.08173176	-0.08173162	-0.08173162
-0.00910689	-0.00910689	-0.01841454	-0.01841454	-0.01841454	-0.02753467	-0.02753467	-0.02753467	-0.03662268	-0.03662268	-0.02753467	-0.03662268	-0.04567856	-0.04567856	-0.04567856	-0.04567856	-0.05470231	-0.05470231	-0.05470231	-0.05470231	-0.06384602	-0.06384602	-0.06384602	-0.06384602	-0.07295647	-0.07295647	-0.07295647	-0.07295647	-0.07322507	-0.07322507	-0.07322507	-0.07322507
-0.00820251	-0.00820251	-0.0165825	-0.0165825	-0.0165825	-0.02479034	-0.02465149	-0.02465149	-0.03282767	-0.03282767	-0.02465149	-0.03282767	-0.04097162	-0.04097162	-0.04097162	-0.04097162	-0.04908335	-0.04908335	-0.04908335	-0.04908335	-0.0572995	-0.0572995	-0.0572995	-0.0572995	-0.0653462	-0.0653462	-0.0653462	-0.0653462	-0.06487822	-0.06487822	-0.06487822	-0.06487822
-0.00729564	-0.00729564	-0.01462152	-0.01462152	-0.01462152	-0.02191512	-0.02191512	-0.02191512	-0.02911503	-0.02911503	-0.02191512	-0.02911503	-0.03640542	-0.03640542	-0.03640542	-0.03640542	-0.04348041	-0.04348041	-0.04348041	-0.04348041	-0.0507665	-0.0507665	-0.0507665	-0.0507665	-0.05789856	-0.05789856	-0.05789856	-0.05789856	-0.05654266	-0.05654266	-0.05654266	-0.05654266
-0.00638654	-0.00638654	-0.01279548	-0.01279548	-0.01279548	-0.01917207	-0.01906426	-0.01906426	-0.02540903	-0.02540903	-0.01906426	-0.02540903	-0.03172142	-0.03172142	-0.03172142	-0.03172142	-0.03789528	-0.03789528	-0.03789527	-0.03789527	-0.04424908	-0.04424908	-0.04424908	-0.04424908	-0.05046433	-0.05046433	-0.05046433	-0.05046433	-0.048221	-0.048221	-0.048221	-0.048221
-0.0054755	-0.0054755	-0.01096555	-0.01096555	-0.01096555	-0.01637707	-0.01633094	-0.01633094	-0.02171086	-0.02171086	-0.01633094	-0.02171086	-0.02705888	-0.02705888	-0.02705888	-0.02705888	-0.03237502	-0.03237502	-0.03237502	-0.03237502	-0.03774931	-0.03774931	-0.03774931	-0.03774931	-0.04304586	-0.04304586	-0.04304586	-0.04304585	-0.03991583	-0.0399159	-0.03991583	-0.03991583
-0.00456279	-0.00456279	-0.00913227	-0.00913227	-0.00913227	-0.01359265	-0.01359265	-0.01359265	-0.01802165	-0.01802165	-0.01359265	-0.01802165	-0.02249481	-0.02249481	-0.02249481	-0.02249481	-0.02686048	-0.02686048	-0.02686048	-0.02686048	-0.03134366	-0.03134375	-0.03134366	-0.03134366	-0.03564545	-0.03564553	-0.03564545	-0.03564545	-0.03162974	-0.03162979	-0.03162974	-0.03162974
-0.00361764	-0.00361764	-0.00726544	-0.00726544	-0.00726544	-0.01085022	-0.01081972	-0.01081972	-0.01437281	-0.01437281	-0.01081972	-0.01437281	-0.01789393	-0.01789393	-0.01789393	-0.01789393	-0.02135339	-0.02135339	-0.02135339	-0.02135339	-0.02486964	-0.02486971	-0.02486964	-0.02486964	-0.02832368	-0.02832374	-0.02832368	-0.02832368	-0.02340737	-0.02340741	-0.02340737	-0.02340737
-0.00271025	-0.00271025	-0.00541203	-0.00541203	-0.00541203	-0.00810449	-0.00805912	-0.00805912	-0.01069718	-0.01069718	-0.00805912	-0.01069718	-0.01330323	-0.01330323	-0.01330323	-0.01330323	-0.01585542	-0.01585542	-0.01585541	-0.01585541	-0.0184625	-0.01846255	-0.0184625	-0.0184625	-0.02095067	-0.02095071	-0.02095067	-0.02095067	-0.01515144	-0.01515147	-0.01515144	-0.01515144
-0.00180204	-0.00180204	-0.00358774	-0.00358774	-0.00358774	-0.00535628	-0.00532658	-0.00532658	-0.00703394	-0.00703394	-0.00532658	-0.00703394	-0.00873844	-0.00873844	-0.00873844	-0.00873844	-0.01038231	-0.01038231	-0.01038231	-0.01038231	-0.01202221	-0.01202225	-0.01202221	-0.01202221	-0.01362954	-0.01362957	-0.01362954	-0.01362954	-0.00693299	-0.006933	-0.00693299	-0.00693299
-0.000893	-0.000893	-0.00176237	-0.00176237	-0.00176237	-0.00259944	-0.00259241	-0.00259241	-0.00339097	-0.00339097	-0.00259241	-0.00339097	-0.004171	-0.00417102	-0.00417099	-0.00417099	-0.00490604	-0.00490605	-0.00490604	-0.00490604	-0.00562144	-0.00562146	-0.00562144	-0.00562144	-0.00630426	-0.00630428	-0.00630426	-0.00630426	0.00128757	0.00128758	0.00128757	0.00128757
1.55E-05	1.55E-05	6.35E-05	6.35E-05	6.35E-05	0.000143	0.000143	0.000143	0.000253	0.000253	0.000143	0.000253	0.000398	0.000398	0.000398	0.000398	0.000572	0.000572	0.000572	0.000572	0.000781	0.000781	0.000781	0.000781	0.00102293	0.00102294	0.00102293	0.00102293	0.00950774	0.00950776	0.00950774	0.00950774
0.000925	0.000925	0.00188944	0.00188944	0.00188944	0.0028861	0.00287746	0.00287746	0.00389695	0.00389695	0.00287746	0.00389695	0.00496632	0.00496634	0.00496632	0.00496632	0.00604932	0.00604935	0.00604932	0.00604932	0.00718329	0.00718331	0.00718329	0.00718329	0.00834982	0.00834984	0.00834982	0.00834982	0.01772502	0.01772505	0.01772502	0.01772502
0.00183355	0.00183355	0.00371476	0.00371476	0.00371476	0.00564447	0.00561149	0.00561149	0.00753969	0.00753969	0.00561149	0.00753969	0.00953341	0.00953347	0.00953341	0.00953341	0.01152507	0.01152512	0.01152507	0.01152507	0.01360092	0.01360096	0.01360092	0.01360092	0.01567416	0.0156742	0.01567416	0.01567416	0.0259888	0.02598885	0.0259888	0.0259888
0.00274174	0.00274174	0.00553895	0.00553895	0.00553895	0.00839245	0.00834382	0.00834382	0.01120471	0.01120482	0.00834382	0.01120471	0.01409759	0.01409768	0.01409759	0.01409759	0.01699731	0.01699738	0.01699731	0.01699731	0.02003008	0.02003014	0.02003008	0.02003008	0.02299373	0.02299379	0.02299373	0.02299373	0.03420841	0.03420848	0.03420841	0.03420848
0.00364909	0.00364909	0.00739331	0.00739331	0.00739331	0.01113788	0.01110574	0.01110574	0.01488198	0.01488212	0.01110574	0.01488198	0.01869016	0.01869027	0.01869016	0.01869016	0.02253028	0.02253037	0.02253028	0.02253028	0.02643556	0.02643564	0.02643556	0.02643556	0.03037331	0.03037338	0.03037331	0.03037332	0.04250078	0.04250085	0.04250078	0.04250086
0.00459475	0.00459475	0.00926106	0.00926106	0.00926106	0.01387992	0.01387992	0.01387992	0.01853013	0.0185303	0.01387992	0.01853013	0.02329267	0.02329281	0.02329267	0.02329268	0.02800612	0.02800623	0.02800612	0.02800612	0.03291507	0.03291517	0.03291507	0.03291517	0.03773357	0.03773366	0.03773357	0.03773366	0.05081141	0.05081151	0.05081141	0.05081141
0.00550741	0.00550741	0.01109412	0.01109412	0.01109412	0.01666547	0.01661773	0.01661773	0.02222064	0.02222085	0.01661773	0.02222064	0.0279037	0.02790386	0.0279037	0.0279037	0.03357056	0.0335707	0.03357056	0.03357056	0.03936692	0.03936704	0.03936692	0.03936692	0.04509796	0.04509807	0.04509796	0.04509796	0.05913774	0.05913817	0.05913774	0.05913774
0.00641839	0.00641839	0.0129238	0.0129238	0.0129238	0.01946155	0.019406	0.019406	0.02591999	0.02592022	0.019406	0.02591999	0.03252182	0.03252201	0.03252182	0.03252182	0.03904324	0.0390434	0.03904324	0.03904324	0.04582238	0.04582251	0.04582238	0.04582238	0.05252109	0.05252122	0.05252109	0.05252109	0.06747715	0.06747764	0.06747715	0.06747825
0.00732741	0.00732741	0.01474955	0.01474955	0.01474955	0.02220394	0.02220396	0.02220394	0.02962698	0.02962725	0.02220429	0.02962698	0.03720943	0.03720965	0.03720943	0.03720968	0.04463226	0.04463245	0.04463226	0.04463299	0.05234382	0.05234398	0.05234382	0.05234445	0.05995933	0.05995947	0.05995933	0.05996057	0.07597241	0.07597255	0.07597241	0.07597255
0.0082342	0.0082342	0.01671237	0.01671237	0.01671237	0.02508168	0.02493956	0.02493956	0.03334047	0.03334049	0.02493956	0.03334047	0.04184513	0.04184537	0.04184513	0.04184513	0.05023873	0.05023893	0.05023873	0.05023873	0.05888035	0.05888052	0.05888035	0.05888036	0.06755518	0.06755534	0.06755518	0.06755534	0.08434559	0.08434619	0.08434559	0.08434574
0.00913849	0.00913849	0.01854403	0.01854403	0.01854403	0.02782516	0.02782519	0.02782516	0.03713834	0.03713868	0.02782516	0.03713834	0.04648357	0.04648384	0.04648357	0.04648384	0.05586084	0.05586107	0.05586084	0.05586107	0.06558965	0.06559042	0.06558965	0.06558985	0.07503205	0.07503272	0.07503205	0.07503222	0.09290017	0.09290083	0.09290017	0.09290034
0.01012593	0.01012593	0.02037004	0.02037004	0.02037004	0.03073315	0.03056016	0.03056016	0.04095577	0.04095613	0.03056016	0.04095577	0.05121032	0.05121061	0.05121032	0.05121032	0.0614968	0.06149704	0.0614968	0.0614968	0.07216553	0.07216637	0.07216553	0.07216564	0.08269263	0.08269337	0.08269263	0.08269281	0.10148797	0.10148868	0.10148797	0.10148815
0.01112569	0.01112569	0.02237765	0.02237765	0.02237765	0.03356837	0.03347422	0.0334742	0.04469702	0.04469742	0.0334742	0.04469702	0.05595222	0.05595254	0.05595222	0.05595254	0.06733476	0.06733502	0.06733476	0.06733502	0.07884543	0.07884634	0.07884543	0.07884566	0.09019845	0.09019925	0.09019845	0.09019865	0.11010613	0.1101069	0.11010613	0.11010613
0.0120361	0.0120361	0.02420599	0.02420599	0.02420599	0.0364087	0.0364087	0.0364087	0.04844	0.04844043	0.0364087	0.04844	0.06091247	0.06091281	0.06091247	0.06091247	0.07300823	0.07300851	0.07300823	0.07300823	0.0855473	0.08554754	0.0855473	0.0855473	0.09791381	0.09791468	0.09791381	0.09791382	0.11875179	0.11875261	0.11875179	0.11875179
0.01294284	0.01294284	0.02624531	0.02624531	0.02624531	0.03936265	0.03925321	0.03925321	0.0522932	0.05229366	0.03925321	0.0522932	0.06569526	0.06569562	0.06569526	0.06569526	0.0789105	0.07891081	0.0789105	0.0789105	0.09237942	0.09238047	0.09237942	0.09237942	0.1056604	0.10566132	0.1056604	0.1056604	0.1276596	0.12766026	0.12765939	0.12765939
0.01384564	0.01384564	0.02807352	0.02807352	0.02807352	0.04233501	0.04210095	0.04210095	0.05627818	0.05627867	0.04210095	0.05627818	0.07048843	0.07048882	0.07048843	0.07048843	0.08461385	0.08461418	0.08461385	0.08461385	0.09924421	0.09924449	0.09924421	0.09924421	0.11343583	0.11343657	0.11343559	0.11343559	0.13661887	0.13661887	0.13661887	0.13661887
0.0149923	0.0149923	0.0301418	0.0301418	0.0301418	0.04532476	0.04507559	0.04507559	0.06029141	0.06029141	0.04507559	0.06029142	0.07554065	0.07554065	0.07554065	0.07554065	0.09057248	0.09057248	0.09057248	0.09057248	0.10613928	0.10613928	0.10613928	0.10613928	0.12148863	0.12148863	0.12148863	0.12148863	0.1454943	0.14549333	0.14549333	0.14549333
0.01590142	0.01590142	0.03209921	0.03209921	0.03209921	0.04833082	0.04806662	0.04806662	0.0641991	0.0641991	0.04806662	0.0641991	0.08036525	0.08036482	0.08036482	0.08036482	0.09656411	0.09656375	0.09656375	0.09656375	0.11306255	0.11306224	0.11306224	0.11306224	0.12932835	0.12932807	0.12932807	0.12932807	0.15453953	0.15454363	0.15453953	0.15453953
0.01680569	0.01680569	0.03406182	0.03406256	0.03406182	0.05135212	0.05107373	0.05107297	0.06811719	0.06811892	0.05107297	0.06811719	0.08547469	0.08547652	0.08547469	0.08547469	0.10258552	0.10258845	0.10258552	0.10258552	0.12015134	0.12015428	0.12015134	0.12015134	0.13746989	0.13747434	0.13746989	0.13746989	0.1637769	0.16378092	0.16377664	0.16377664
0.01799776	0.01799776	0.03617568	0.03617568	0.03617568	0.05438759	0.05409437	0.05409358	0.07233888	0.07233948	0.05409358	0.07233888	0.09061812	0.09062003	0.09061812	0.09061812	0.10863591	0.10863722	0.10863562	0.10863562	0.12727864	0.12728138	0.1272783	0.1272783	0.14565949	0.14566189	0.14565919	0.14565919	0.17291146	0.17291593	0.17291146	0.17291147
0.01890629	0.01890629	0.03830817	0.03830885	0.03830817	0.05743611	0.05728255	0.05728172	0.07628847	0.07628989	0.05728172	0.07628847	0.09579319	0.09579519	0.09579319	0.09579319	0.11486708	0.11486978	0.11486708	0.11486708	0.13459601	0.13459922	0.13459601	0.13459601	0.15389295	0.15389726	0.15389295	0.15389295	0.18240889	0.18241586	0.1824086	0.1824086
0.01997026	0.01997026	0.04029698	0.04029827	0.04029698	0.06049658	0.06033572	0.06033486	0.08056825	0.08057085	0.06033486	0.08056825	0.10099796	0.10100264	0.10099796	0.10099796	0.12113713	0.12114104	0.12113713	0.12113713	0.1417982	0.14180415	0.1417982	0.1417982	0.16233154	0.16233936	0.16233122	0.16233122	0.1919671	0.19196981	0.1919671	0.1919671
0.02104276	0.02104276	0.04245688	0.04245688	0.04245688	0.06373691	0.06356878	0.06356788	0.08471271	0.08471339	0.06356788	0.08471271	0.10623046	0.10623261	0.10623046	0.10623046	0.12744339	0.12744519	0.12744339	0.12744339	0.14920039	0.14920193	0.14920039	0.14920039	0.17082234	0.17082538	0.17082234	0.17082235	0.20158447	0.20158822	0.20158323	0.20158323
0.02212339	0.02212339	0.04463291	0.0446343	0.04463291	0.06700139	0.06664979	0.06664886	0.08905216	0.08905425	0.06664886	0.08905146	0.11148923	0.11149091	0.11148868	0.11148868	0.13378388	0.13378761	0.13378341	0.13378342	0.15682198	0.15682518	0.15682159	0.15682159	0.17936341	0.17936865	0.17936306	0.17936306	0.2114383	0.21144119	0.2114383	0.2114383
0.0232117	0.0232117	0.04682419	0.04682562	0.04682419	0.07010528	0.06992279	0.06992183	0.09342076	0.0934235	0.06992183	0.09342076	0.11695459	0.1169569	0.11695459	0.11695459	0.14033902	0.14034095	0.14033902	0.14033902	0.16449591	0.16449962	0.16449592	0.16449592	0.1881348	0.18813805	0.1881348	0.1881348	0.22135796	0.22136294	0.22135763	0.22135763
0.02430726	0.02430726	0.04902984	0.04903131	0.04902984	0.07340701	0.073408	0.07340701	0.09781884	0.09782167	0.07340701	0.09781884	0.122457	0.12245879	0.12245641	0.12245641	0.14693821	0.1469397	0.14693771	0.14693771	0.17222067	0.17222406	0.17222024	0.17222024	0.19696402	0.19696699	0.19696364	0.19696365	0.23153783	0.23153954	0.23153647	0.23137848
0.02540961	0.02540961	0.05124894	0.05125046	0.05124894	0.07692765	0.07672999	0.07672897	0.10224467	0.10224467	0.0765405	0.10224391	0.1281907	0.12819254	0.12819009	0.12801392	0.15377625	0.1537773	0.15377526	0.15380026	0.17999319	0.17999319	0.17999144	0.18001939	0.20604651	0.20604651	0.20604498	0.20587697	0.24178683	0.24178858	0.24178543	0.24178683
0.02651832	0.02651857	0.05348061	0.05348217	0.05348061	0.08027447	0.08007085	0.08006981	0.10669492	0.10669492	0.08006981	0.10669414	0.1337646	0.13376649	0.13376398	0.1337646	0.16045951	0.16046109	0.16045899	0.16045951	0.18801383	0.18801383	0.18801204	0.18801248	0.21519175	0.21519371	0.21519018	0.21519167	0.25231663	0.25231107	0.25231341	0.25231484
0.0276329	0.02763446	0.0557239	0.05574444	0.0557239	0.0836408	0.0836843	0.08363973	0.11159226	0.11166317	0.08363973	0.11159146	0.13957967	0.13967776	0.13957902	0.13957967	0.16760454	0.16772856	0.16760239	0.16760293	0.19630148	0.1962423	0.19629964	0.1963001	0.22461191	0.22436556	0.22460829	0.2246087	0.26313955	0.26316171	0.26313662	0.26313735
0.02875291	0.02875474	0.05819692	0.05820019	0.0581961	0.08724006	0.08724497	0.08723951	0.11610186	0.11610844	0.08723951	0.11610021	0.14543582	0.14544766	0.1454345	0.14543483	0.1748078	0.17482124	0.17480533	0.17480561	0.20465396	0.20466898	0.20465185	0.20465279	0.23409946	0.23411674	0.23409617	0.23409699	0.27404388	0.27404388	0.27404537	0.27404537
0.03010264	0.03010264	0.06069171	0.06069171	0.06069171	0.09086751	0.09086751	0.09086751	0.12107957	0.12107957	0.09086853	0.12108041	0.15177959	0.15177959	0.15178026	0.15178026	0.18206457	0.18206457	0.18206513	0.18206513	0.21329133	0.21329133	0.21329265	0.21329325	0.24364959	0.24364959	0.24365127	0.24365127	0.28503365	0.2850306	0.28503022	0.28503022
0.03147034	0.03147034	0.06297771	0.06297771	0.06297772	0.09452323	0.09452209	0.09452209	0.12610428	0.12610343	0.09452209	0.12610343	0.15772441	0.15772168	0.15772168	0.15772168	0.18937907	0.18937736	0.18937679	0.18937679	0.22177028	0.22176871	0.22176822	0.22176822	0.253735	0.25373158	0.25373116	0.25373116	0.2965776	0.29657139	0.29657139	0.29657178
0.03237889	0.03237889	0.06574837	0.06574837	0.06574837	0.09844151	0.09820158	0.09820158	0.13117028	0.13116942	0.09820158	0.13116942	0.16417762	0.16417484	0.16417484	0.16417484	0.19674097	0.19673865	0.19673865	0.19673923	0.23078242	0.23077795	0.23077795	0.23077845	0.26390029	0.26389637	0.26389637	0.26389681	0.30821298	0.30820832	0.30820793	0.30820793
0.03376723	0.03376723	0.06806195	0.06806195	0.06806195	0.1023962	0.10190428	0.10190428	0.136276	0.13627512	0.10190428	0.13627512	0.17068703	0.17068421	0.17068421	0.17068421	0.20464147	0.20463911	0.20463911	0.20463911	0.23962145	0.2396169	0.2396169	0.2396169	0.27414438	0.27414085	0.2741404	0.2741404	0.31993778	0.31993419	0.31993419	0.31993459
0.03517156	0.03517156	0.07088433	0.07088433	0.07088433	0.10638539	0.10613229	0.10613229	0.141419	0.1414181	0.10613229	0.1414181	0.17724948	0.17724661	0.17724661	0.17724661	0.2126109	0.21260851	0.21260851	0.21260851	0.24902321	0.24902006	0.24902006	0.24902006	0.28471565	0.28471161	0.28471161	0.28471206	0.33203728	0.33226443	0.33226443	0.33200607
0.03633558	0.03633335	0.07348623	0.07347899	0.07347899	0.11041675	0.11014752	0.11014752	0.14686907	0.14685453	0.11014752	0.14685453	0.18387702	0.18385884	0.18385884	0.18385957	0.22066473	0.22064288	0.22064288	0.22064349	0.25826901	0.25850301	0.25850301	0.25850508	0.29565345	0.29562437	0.29562437	0.29562619	0.34470495	0.34470514	0.34470495	0.34470003
0.03776109	0.03776109	0.07635521	0.07635422	0.07635422	0.1144593	0.11419455	0.11419455	0.15233837	0.15233966	0.11419445	0.1523369	0.19078586	0.19078586	0.19078586	0.19078366	0.22900803	0.2290093	0.22900623	0.22900498	0.26806571	0.26806571	0.26806571	0.26806309	0.30663297	0.30663379	0.30663057	0.30662827	0.35751065	0.35751272	0.35750278	0.357509
0.03920269	0.03920269	0.07925874	0.07925689	0.07925689	0.11881103	0.11826894	0.1182677	0.15786342	0.15786342	0.11826894	0.15785969	0.19803739	0.19803739	0.19803442	0.19803739	0.23743973	0.23743973	0.23743476	0.23743693	0.27796606	0.27796977	0.27796181	0.27796606	0.31826442	0.31826442	0.31825745	0.31826442	0.37069898	0.37070901	0.37068853	0.37068853
0.04065737	0.04065737	0.08218732	0.08218732	0.08218546	0.1232016	0.12265084	0.12264583	0.16370411	0.16370881	0.12264583	0.16370036	0.20535359	0.20536259	0.20535059	0.20535059	0.24593528	0.24594501	0.24592963	0.24592963	0.28822278	0.28823129	0.28821762	0.28821762	0.32999791	0.33000729	0.32999041	0.32999041	0.38399019	0.38398345	0.38398387	0.38399513
0.04212436	0.04212436	0.0851399	0.08513836	0.08513836	0.12762868	0.12706063	0.12706063	0.16959362	0.16958984	0.12706189	0.16958984	0.21273054	0.21272752	0.21272827	0.21273432	0.25534408	0.2553384	0.25533903	0.25534408	0.29884803	0.29884317	0.29884371	0.29885181	0.34182799	0.34182043	0.3418209	0.34183224	0.39798922	0.39796208	0.39798286	0.39796209
0.04360287	0.04360287	0.08811591	0.08811402	0.08811591	0.13209369	0.13208862	0.13209369	0.17611295	0.17610439	0.13208862	0.17611124	0.22017344	0.22045123	0.2201681	0.22045123	0.264275	0.2642591	0.26426927	0.2642591	0.30957954	0.30955997	0.30957356	0.30955997	0.35434555	0.35432225	0.35433937	0.35432225	0.41238317	0.41235589	0.41235589	0.41235973
0.04509211	0.04509211	0.09111273	0.09111082	0.09111082	0.13717742	0.13658154	0.13658154	0.1821025	0.18209387	0.13658281	0.18209387	0.22825187	0.22823962	0.22823962	0.22824269	0.27385145	0.27383547	0.27383547	0.27383803	0.32067829	0.3209551	0.3209551	0.32095729	0.3669551	0.36693166	0.36693166	0.36693597	0.4271814	0.42717455	0.4271784	0.4271784
0.04689198	0.04689198	0.09443007	0.09442816	0.09442816	0.14200883	0.14140501	0.14140629	0.18872929	0.18872544	0.14140629	0.1887264	0.23639325	0.23639017	0.23639325	0.23639094	0.28380153	0.28379576	0.28379833	0.28379833	0.33245798	0.33245304	0.33245524	0.33245524	0.3802545	0.38024682	0.38025114	0.38024874	0.4427362	0.44273577	0.44273963	0.44273577
0.048406	0.048406	0.0980819	0.09808169	0.09808169	0.14688221	0.14657389	0.14657517	0.19572411	0.19572314	0.14657389	0.19572411	0.24491658	0.24491581	0.24491889	0.24491581	0.29384455	0.29384391	0.29384648	0.29384391	0.34404774	0.34404719	0.34405112	0.3440472	0.39398728	0.39398679	0.39399113	0.3939868	0.45844698	0.45844311	0.4584517	0.45843624
0.05024036	0.05024036	0.10115108	0.1011501	0.10115108	0.15241646	0.151791	0.15179486	0.20247799	0.20247661	0.15178971	0.20248282	0.25383191	0.25383191	0.25383892	0.25382882	0.30460695	0.30460544	0.30461145	0.30460115	0.35667808	0.35667722	0.35668603	0.35667227	0.4078544	0.40785354	0.40786404	0.40784669	0.4749172	0.47491334	0.47491334	0.47493012
0.05209325	0.05209325	0.10486888	0.10486803	0.10486755	0.1576873	0.15705066	0.15705066	0.209917	0.20991563	0.15705453	0.20991485	0.26282512	0.26282512	0.26282512	0.26283439	0.31514347	0.31514197	0.31514067	0.31515379	0.36941951	0.36941849	0.36941849	0.36943336	0.42246533	0.4224647	0.42246285	0.42248125	0.49152973	0.49152587	0.49152587	0.49154004
0.05364022	0.05364022	0.10862117	0.10862037	0.10862037	0.16299865	0.16299865	0.16299865	0.21710077	0.217424	0.16300251	0.217424	0.27189694	0.27189308	0.27189308	0.27189694	0.32641005	0.32640943	0.32640913	0.32641456	0.38227203	0.38226817	0.38226817	0.38227698	0.43752709	0.43752672	0.43752672	0.43753635	0.50927708	0.50926294	0.50925995	0.50927708
0.05584994	0.05584994	0.11240564	0.1124048	0.11273266	0.16900957	0.16867652	0.16867652	0.22500144	0.22499549	0.16868037	0.22499397	0.2816936	0.28168975	0.28168975	0.28169823	0.33810713	0.33810126	0.33809942	0.33810713	0.39588777	0.39587898	0.39620652	0.39588777	0.45305529	0.45304509	0.45304231	0.45305529	0.52751007	0.52748276	0.52749812	0.52750525
0.05775144	0.05775144	0.11655417	0.11655226	0.11655417	0.17507188	0.17473228	0.1747374	0.23296792	0.23295927	0.1747374	0.23296792	0.29191547	0.29190319	0.2919101	0.29191547	0.35024026	0.35022424	0.35023449	0.35024026	0.41028946	0.41026975	0.41028343	0.41028946	0.46938025	0.46935677	0.46937185	0.46937996	0.54657164	0.54654445	0.54656527	0.54657164
0.06000593	0.06000593	0.12107996	0.12107805	0.12107996	0.18152528	0.1808408	0.1808459	0.24133919	0.24133058	0.1808459	0.24133616	0.30256107	0.30254885	0.30255572	0.30256107	0.36246999	0.36279453	0.36246425	0.36246999	0.42515167	0.42513205	0.42514567	0.42515167	0.48652001	0.48649666	0.48651382	0.48652001	0.56647038	0.56646658	0.56645982	0.56614047
0.06228326	0.06228326	0.12496201	0.12496012	0.12496012	0.18768772	0.18768772	0.18768646	0.24977582	0.24977296	0.18769152	0.24977201	0.31328997	0.31328997	0.31328693	0.31329909	0.37616642	0.37616325	0.37616072	0.37583098	0.44047383	0.44047165	0.44046677	0.44048627	0.5037928	0.50378948	0.50378521	0.50380845	0.5869052	0.58690143	0.58689472	0.58689472
0.06423267	0.06423267	0.12956536	0.12956347	0.12956347	0.19459689	0.19424713	0.19424587	0.2589819	0.25897907	0.19424587	0.25897812	0.324814	0.324814	0.32481099	0.32481099	0.38964889	0.38964574	0.38964323	0.38964323	0.45628527	0.45628385	0.45627901	0.45627901	0.5222719	0.5222686	0.52226437	0.52226437	0.60856946	0.60856946	0.60856281	0.60857778
0.06654618	0.06654618	0.13456243	0.13456166	0.13456056	0.20191959	0.20121029	0.20120904	0.26862145	0.26862032	0.20121404	0.2686177	0.33679095	0.33679095	0.33678795	0.33679469	0.4035941	0.4035931	0.40358847	0.40359847	0.47328934	0.47328934	0.47328454	0.47329308	0.54161793	0.54161793	0.54161047	0.54162213	0.63115838	0.63113862	0.63115838	0.6311522
0.06887799	0.06887799	0.13924609	0.13924487	0.13924609	0.20895026	0.20894655	0.20895026	0.2787071	0.27870221	0.20895026	0.2787071	0.3492361	0.34922722	0.3492361	0.34923611	0.41909775	0.41908787	0.41909775	0.41909219	0.49045308	0.49043881	0.49045308	0.49044727	0.56114057	0.5611253	0.56114057	0.56113456	0.65464127	0.65461521	0.65464127	0.65461562
0.07159007	0.07159007	0.1446903	0.14468847	0.1446903	0.2171187	0.21674973	0.21675462	0.28887248	0.28886422	0.21674973	0.28887248	0.3621373	0.36212557	0.3621373	0.36212623	0.43436193	0.43434663	0.43436193	0.43434725	0.50919511	0.5091763	0.50919511	0.50917683	0.58262272	0.58260032	0.58262272	0.58260078	0.67939431	0.67939391	0.67941965	0.67940035
0.07432635	0.07432635	0.14981227	0.14981227	0.14981408	0.22535407	0.22461681	0.22462164	0.29984481	0.29984481	0.22461802	0.29985297	0.37549755	0.37549683	0.37550842	0.37549973	0.45083512	0.45083452	0.45084962	0.45083996	0.52844528	0.52844477	0.52846335	0.52844941	0.60463284	0.60463239	0.60465451	0.60463645	0.7055166	0.70549756	0.7055166	0.70549756
0.07708492	0.07708492	0.15609137	0.15609069	0.15609137	0.23366498	0.23328835	0.23291885	0.31129468	0.31128929	0.23328835	0.31129468	0.3904744	0.39046584	0.3904744	0.39046584	0.46821611	0.46820601	0.46821611	0.46820658	0.54863173	0.54861798	0.54863173	0.54861798	0.62760816	0.62759346	0.62760816	0.62759034	0.73333195	0.73334601	0.73333195	0.73330695
0.08024064	0.08024064	0.16167189	0.16167717	0.16167189	0.24316316	0.24241426	0.24240839	0.32320264	0.32320881	0.24240369	0.32320264	0.40518794	0.40519428	0.40518794	0.40517668	0.48647537	0.48648643	0.48647537	0.4864607	0.57009066	0.5701047	0.57009066	0.57007261	0.65225102	0.65226506	0.65225102	0.65222953	0.76251369	0.76249526	0.76252022	0.76248912
0.08304203	0.08304203	0.16843236	0.16843236	0.16805621	0.25235895	0.25197388	0.25160153	0.33634485	0.33634052	0.25197272	0.33635091	0.42115383	0.42114552	0.42116006	0.42114275	0.50602229	0.50601306	0.50602864	0.50600787	0.59248053	0.59246721	0.59248694	0.59246277	0.67823377	0.67821954	0.67824024	0.67821264	0.79344088	0.79344088	0.79345935	0.79344088
0.08662993	0.08662993	0.17486217	0.17486217	0.17486387	0.26277117	0.26199977	0.26200431	0.34996978	0.34996978	0.26199977	0.34997743	0.43838719	0.43838719	0.438397	0.43838719	0.52609292	0.52609292	0.52610199	0.52609292	0.61656592	0.61656592	0.61657802	0.61656592	0.70555399	0.70555399	0.70556924	0.70555399	NaN	NaN	NaN	NaN
