0.054552305	0.035881353	0.006627708	0.003590407	0.000290486	0.000205377	0.000294261	0.000725366	0.00035058	0.0005289	0.000612502	0.000352378	0.000196466	0.000251359	0.000241021	0.000144878	0.000204826	0.000249155	0.000178611	0.000319342	0.000157527	0.000174775	0.000214316	0.000150372	0.00025246	0.00021162	0.000239307	0.00021995	0.00016007	0.000161606	0.000173998	0.000151024
0.025049367	0.014037389	0.00280548	0.001547448	0.000643353	0.000396413	0.000344924	0.000331057	0.000230077	0.000216859	0.000396413	0.000299481	0.000183557	0.000228482	0.000147405	0.000184854	0.000352353	0.000174183	0.000208885	0.000228985	0.000289285	0.000183541	0.000158197	0.000211907	0.000214383	0.000205571	0.000184925	0.000254037	0.000236715	0.000228029	0.000184794	0.000162788
0.004761677	0.001426293	0.000575368	0.000788123	0.000974627	0.000384229	0.000162788	0.000102035	0.000371346	0.000267018	0.000219149	0.000175865	0.000184308	0.000280144	0.000236861	0.0001846	0.00027551	0.000275704	0.000158493	0.000210706	0.000253941	0.000238211	0.000154199	0.000162885	0.000193285	0.000249647	0.000232323	0.000154345	0.000131287	0.000223558	0.000189155	0.000256855
0.013583846	0.005953064	0.004130218	0.002156127	0.000666958	0.000290152	0.000403987	0.000717707	0.000715306	0.000657926	0.000556734	0.000378974	0.000140645	0.000199058	0.000249327	0.000119115	0.00026168	0.000202897	0.000238747	0.000287048	0.000216335	0.000211721	0.000229174	0.000160472	0.000175314	0.000258358	0.00015947	0.000148635	0.000165281	0.000244172	0.00024035	0.000202305
0.052159829	0.026308755	0.010343995	0.00511296	0.000287177	0.000216688	0.000262494	0.000912938	0.000479355	0.00048423	0.000607439	0.000246479	0.000215599	0.000188287	0.000221181	0.000199805	0.000375988	0.000250153	0.000120875	0.0001621	0.000195565	0.000292516	0.000186404	0.000207906	0.000207527	0.000209686	0.000196965	0.0001621	0.000239986	0.000182829	0.000258952	0.000146605
0.109151564	0.060085686	0.015104958	0.007271443	0.000272796	0.000399581	0.000411198	0.000616073	0.000134134	0.000202054	0.000877846	0.000239986	0.00019556	0.000215379	0.000170099	0.000283559	0.000229223	0.00012055	0.000212818	0.000210257	0.000280739	0.000211111	0.000244514	0.000327132	0.000193852	0.000201201	0.000188569	0.000150279	0.000198284	0.000178582	0.000165342	0.009900398
0.196031864	0.114475467	0.015347023	0.007979531	0.000292361	0.000448969	0.000625	0.000327295	0.000527534	0.000341373	0.000238283	0.000274335	0.000157575	0.000210659	0.000127254	0.000148471	0.000220537	0.000273497	0.000207018	0.000336867	0.000314893	0.000251244	0.000351224	0.000225881	0.000148154	0.000180258	0.000185044	0.00011633	0.000151143	0.000134375	0.000151143	0.000206887
0.291062079	0.172944234	0.013441153	0.00527369	0.000294204	0.000499807	0.000321245	0.000301606	0.000905876	0.000733508	0.000338013	0.000283428	0.00011247	0.000165948	0.000214289	0.00018755	0.000186946	0.00022849	0.000163077	0.000199485	0.0002633	0.000203542	0.000181939	0.000163984	0.000199182	0.000177278	0.000153409	0.000280004	0.000154939	0.000115101	0.000145609	0.000190489
0.36136529	0.217123757	0.006895878	0.004035863	0.001325872	0.000477927	0.000536928	0.000679134	0.000484231	0.000428006	0.000842016	0.000634255	0.000304563	0.000339524	0.000193936	0.000154057	0.000140567	0.000139054	0.000293868	0.000212678	0.000219614	0.000131386	0.000238734	0.000217974	0.000174353	0.000238144	0.00025882	0.000104006	0.000244515	0.000188192	0.000154937	0.000199829
0.418471562	0.242955898	0.002094413	0.001809478	0.001313386	0.000188451	0.000529103	0.001048974	0.000200867	0.000352586	0.000959816	0.000232251	0.000205442	0.000222691	0.000151822	0.000229342	0.000142747	0.000103569	0.000144774	0.000176969	0.000187326	0.000222673	0.000234494	0.000134639	0.00024744	0.000197683	0.000235959	0.000242262	0.000155115	0.000264504	0.000158509	0.000201569
0.470511058	0.281967066	0.000728962	0.001473516	0.001797481	0.000141381	0.000329055	0.001306282	0.000201569	0.000234289	0.001230421	0.000246327	0.000318714	0.000251497	0.000275653	0.000201488	0.000228161	0.000190054	0.000180508	0.000175735	0.000229877	0.000267164	0.000290232	0.000264852	0.000193867	0.000186165	0.000203347	0.000177413	0.000212619	0.000182795	0.000244783	0.000321098
0.54443546	0.317219127	0.005485579	0.003400653	0.001525522	0.000441078	0.000572217	0.000810664	0.000367764	0.0006311	0.001417043	0.000711081	0.00029644	0.000242443	0.000210621	0.000290104	0.000179627	0.000337422	0.000268271	0.000255942	0.000222123	0.000201117	0.000139473	0.000224121	0.000223951	0.000146895	0.000148739	0.000233488	0.000179476	0.000209079	0.000120031	0.000210341
0.530002462	0.317713811	0.013529493	0.007084923	0.001096657	0.000740332	0.000819052	0.000786808	0.000786808	0.000957217	0.000359464	0.000260548	0.000291702	0.000265252	0.000192957	0.000149754	0.000140687	0.000166507	0.000192326	0.000189173	0.000244596	0.000225202	0.000154918	0.000248499	0.000318152	0.000267893	0.000176835	0.000206557	0.000180089	0.000225931	0.000255373	0.000204553
0.487523636	0.287731844	0.022575336	0.009907275	0.000316792	0.00069414	0.000729937	0.000217962	0.000728168	0.000517492	0.000217609	0.000295427	0.000305961	0.000388539	0.000192494	0.000333744	0.000150472	0.000128754	0.000152691	0.000295073	0.000212444	0.000197305	0.000260891	0.000238266	0.000311274	8.26E-05	0.000219911	0.00011984	0.00017523	0.00020905	0.000154665	0.000168603
0.505259341	0.285758715	0.032370828	0.014936813	0.000407527	0.000222305	0.000735236	0.000168603	0.000206386	0.000211031	0.000447769	0.000227941	0.000300226	0.000222305	0.000172566	0.000292916	0.000273219	0.000239493	0.000204186	0.000307571	0.000220642	0.000310921	0.00027768	0.000173232	9.66E-05	0.000175674	0.000260161	0.000216384	0.000211999	0.000214902	0.000372639	0.000389462
0.398949928	0.228067091	0.035466185	0.016406097	0.000125181	0.000535984	0.000906083	0.001140149	0.000223939	0.000137122	0.000874307	0.000245117	0.000286348	0.000489672	0.000198079	0.000339719	0.000230999	0.000303897	0.000151041	0.000181256	0.000206941	0.000201135	0.00029747	0.000251207	0.00024637	0.000208568	0.00029123	0.000191746	0.00023044	0.00021313	0.000169142	0.000262268
0.346284988	0.20179357	0.033018117	0.016769333	0.000481246	0.000335261	0.000756371	0.001503606	0.000560318	0.000750292	0.001711818	0.000632381	0.000470481	0.000342271	0.000374565	0.00022436	0.000123293	0.000146217	0.000251969	0.00020612	0.000173826	0.000258049	0.000195821	0.000107379	0.000146696	0.000160583	0.000257358	0.000203817	0.000160428	0.000143237	0.000239156	0.000171995
0.265058809	0.139645318	0.027103832	0.013415493	0.000903681	0.000242303	0.000434062	0.002197356	0.001077028	0.000718254	0.00190044	0.000774984	0.000380383	0.000215379	0.000166372	0.000234815	0.000205094	0.000142941	0.000164768	0.000150143	0.000160124	0.000123362	0.000124774	0.000205541	0.000352265	0.00026197	0.000137934	0.000216983	0.000269264	0.000189786	0.00012633	0.000227746
0.190778135	0.099300714	0.021377181	0.011511638	0.001765892	0.00047168	0.001153423	0.002403723	0.001634826	0.00102573	0.002149619	0.000759442	0.000343988	0.000165171	0.000208766	0.000188307	0.000208167	0.000280532	0.000227746	0.000246727	0.000231303	0.000177038	0.00018563	0.000196019	0.00011802	0.000249685	0.000288526	0.00018563	0.000247195	0.000310514	0.000185092	0.000269603
0.122276975	0.060580757	0.012947979	0.0069466	0.00275295	0.000778846	0.001150246	0.001311713	0.000870602	0.00086164	0.000854585	0.000684294	0.000249575	0.000200975	0.000258655	0.000214595	0.000393809	0.000172671	0.000268387	0.0003367	0.000131632	0.000150392	0.000227218	0.000252189	0.000243417	0.000164029	0.000154041	0.000198729	0.000294267	0.000297055	0.000198647	0.000241035
0.085114296	0.032250052	0.005066166	0.004121768	0.004124022	0.001337527	0.001302795	0.001066401	0.000568143	0.000264863	0.000321029	0.000572114	0.000390981	0.000434687	0.000394591	0.000221709	0.00030221	0.000246725	0.000248978	0.000208843	0.000184147	0.000197026	0.000139954	0.00018932	0.000314659	0.000362736	0.000155611	0.000157864	0.000211533	0.000234288	0.000165653	0.000115737
0.060122533	0.014917127	0.001620686	0.003373994	0.004278115	0.001348961	0.001398877	0.00083108	0.000190611	0.000259246	0.000341582	0.000193425	0.000550301	0.000247378	0.000334731	0.000302923	0.000340971	0.000215569	0.000221809	0.000184983	0.000282891	0.000303577	0.000148759	0.000223054	0.000178231	0.000271114	0.000183761	0.000246767	0.000172693	0.000294154	0.000231478	0.00016266
0.05730654	0.014045193	0.002777849	0.003634943	0.005117653	0.001458982	0.001222545	0.000797126	0.000474285	0.000307849	0.000277865	0.000719572	0.000481724	0.000489277	0.000247767	0.000380443	0.00033417	0.000407947	0.00033665	0.00033665	0.000166437	0.000220262	0.000237734	0.000136339	0.000314105	0.00017399	0.000231478	0.000167734	0.000231104	0.000144278	0.000219554	0.00011391
0.08562673	0.034872104	0.009152913	0.005907148	0.005106845	0.001198783	0.00145961	0.001472156	0.000886131	0.001064412	0.001092143	0.000535841	0.000238373	0.000128098	0.0002671	0.000374385	0.000390123	0.000110607	0.00015132	0.000408102	0.000247284	0.000144278	0.0001971	0.000155828	0.000257192	0.000110275	0.000144278	0.000337744	0.000222115	0.000200665	0.000138234	0.000158964
0.157078172	0.074149218	0.018208977	0.011313958	0.004211334	0.000959065	0.001525478	0.002503415	0.001764106	0.001138252	0.002012928	0.000893116	0.000242098	0.000314554	0.000241882	0.000260971	0.000410127	0.000354687	0.000242845	0.000309371	0.00021368	0.00034883	0.0003113	0.000304793	0.000254897	0.000194807	0.000210427	0.000216934	0.000222805	0.000273285	0.000197565	0.000248045
0.257804067	0.138192059	0.035156373	0.016983627	0.003251152	0.000487824	0.001137308	0.002897793	0.002149305	0.002211961	0.002918679	0.001177124	0.000385363	0.00023112	0.000300737	0.000375687	0.000298081	0.000409705	0.000136864	0.000516975	0.000284543	0.000271013	0.00028237	0.000350308	0.000224108	0.000221936	0.000235958	0.000177696	0.000143229	0.000177764	0.000241605	0.000180103
0.395494118	0.221717436	0.048649607	0.022143552	0.002697276	0.000276476	0.001331929	0.00442292	0.001478995	0.002035156	0.003434579	0.00095453	0.000411939	0.000414828	0.000447024	0.0004096	0.000219606	0.000238104	0.000393426	0.000259201	0.000149008	0.000282468	0.000158777	0.000289348	0.000343588	0.000248346	0.000202331	0.000240703	0.000265983	0.000168447	0.000187169	0.000121986
0.622193953	0.36928753	0.074332318	0.034385617	0.001658057	0.000260149	0.001795	0.003854762	0.000986709	0.001020281	0.002288778	0.000718658	0.000620634	0.000421202	0.000493662	0.000446596	0.00038712	0.000174281	0.000316581	0.000285447	0.000220673	0.000153464	9.79E-05	9.52E-05	0.000151899	0.000360602	0.000202497	0.000223659	0.000265233	0.000251365	0.000209191	0.000159654
0.871173978	0.527183032	0.090331727	0.039768759	0.000818643	0.00122852	0.002410614	0.00435699	0.000325591	0.00026827	0.002446283	0.000536026	0.000485468	0.000414986	0.000555949	0.000336286	0.000230135	0.00040791	0.000286749	0.000294968	0.000350153	0.000180027	0.000230135	0.000166445	0.000146488	0.000217318	8.28E-05	0.000235654	0.000200745	0.000267316	0.00022914	0.000257536
1.128266711	0.690310063	0.094940894	0.043821224	0.000202954	0.001713835	0.002007732	0.002672196	0.000214816	0.000321018	0.002118335	0.000489546	0.000191672	0.000231571	0.00024236	0.000521491	0.000477604	0.000212262	0.000430121	0.000259746	0.000189227	0.000158622	0.000336096	0.000222041	0.000280695	0.000185707	0.000289496	0.000144536	0.000363897	0.000229061	0.000344182	0.000314407
1.443010745	0.883243609	0.099817739	0.04233852	0.000522264	0.003103246	0.002975099	0.002351824	0.000481601	0.000482478	0.00125461	0.000750777	0.017690377	0.000350748	0.000311543	0.000456521	0.000385386	0.000372139	0.00051617	0.000373607	0.000241078	0.000308548	0.000596081	0.000335503	0.000244365	0.000289616	0.000334493	0.000327349	0.000359454	0.000404329	0.000304284	0.000506373
1.749590434	1.069053689	0.095727216	0.044232469	0.001513124	0.004259222	0.004489896	0.001943888	0.001572291	0.001443662	0.000514669	0.001343616	0.000690173	0.000645298	0.000547251	0.00020224	0.000388038	0.000451203	0.000251113	0.000216532	0.000118486	0.000845388	0.000620711	0.000502376	0.000449205	0.000369447	0.00042062	0.000343163	0.000463386	0.00028398	0.000434914	0.000518915
2.141329891	1.315499524	0.099992864	0.041679423	0.003177497	0.005665281	0.005024649	0.001904079	0.002859324	0.002675669	0.000622817	0.001875607	0.000867666	0.000665526	0.000608581	0.000695415	0.00046197	0.000594345	0.000352329	0.00032244	0.00022137	0.000377969	0.000393621	0.000597177	0.000470504	0.000453398	0.000607165	0.000518915	0.000227351	0.000203702	0.000355819	0.000537524
2.508157712	1.558887001	0.072216759	0.03513208	0.00551287	0.00395472	0.003940446	0.001999139	0.003595613	0.003857049	0.00074075	0.001413892	0.001130654	0.000857193	0.000926316	0.000828645	0.000649935	0.000484288	0.000922931	0.000403995	0.000434242	0.000752775	0.000229123	0.00043874	0.000486061	0.000417719	0.000483812	0.000507863	0.000550303	0.000420054	0.000354247	0.000450117
2.918915508	1.815367822	0.057820894	0.023772001	0.00801419	0.005221678	0.005706336	0.00377418	0.003003456	0.002989144	0.002453872	0.001828411	0.001025485	0.001187236	0.000669117	0.000557497	0.000972552	0.000324184	0.000284125	0.000395745	0.000565164	0.000376251	0.000568401	0.00038805	0.000523117	0.000281247	0.000437244	0.000365682	0.000364907	0.000440746	0.000213188	0.00059451
3.827784134	2.36806586	0.040641684	0.022129974	0.011740457	0.004233277	0.00368284	0.006039354	0.003154971	0.002425157	0.00361622	0.001414513	0.001000403	0.000846639	0.001336589	0.000875339	0.00037361	0.000537349	0.000535049	0.00037591	0.000482018	0.000636512	0.000392054	0.0006711	0.000583481	0.000357466	0.000359766	0.000539649	0.000610673	0.000307543	0.000441448	0.000304597
3.858650603	2.400774245	0.022153559	0.014714974	0.016714903	0.002974383	0.004974312	0.007330018	0.00201693	0.001952837	0.004697018	0.001992078	0.000616553	0.000478235	0.000353156	0.000774004	0.000559822	0.000264216	0.000682771	0.000639607	0.00023544	0.000909056	0.000243286	0.000512735	0.000469571	0.000253751	0.000389785	0.00050227	0.000250392	0.000146971	0.000340071	0.000442847
4.83527474	3.029994552	0.010036246	0.011589913	0.019991224	0.003858804	0.0059273	0.011284215	0.001223187	0.000751175	0.007192715	0.001381431	0.000403196	0.000514776	0.000313375	0.000365478	0.000684686	0.000492231	0.000529948	0.000357319	0.000532668	0.000506616	0.00049495	0.00028539	0.000532668	0.000302495	0.000385304	0.000590211	0.000347509	0.000454297	0.000596929	0.000484094
4.778305592	2.936310229	0.004621444	0.01106814	0.023456755	0.001953349	0.004765666	0.012813218	0.000496056	0.000609074	0.007736626	0.000958221	0.00052259	0.000298834	0.000236588	0.000509758	0.000756524	0.000448251	0.000535422	0.000659175	0.000458821	0.000447415	0.000392742	0.000640934	0.000392791	0.000499579	0.000444858	0.000396183	0.000589998	0.000548588	0.000285392	0.000455434
7.876803888	3.637669619	0.007593871	0.015155527	0.027734191	0.001976185	0.004991389	0.011146651	0.000590815	0.00056979	0.007478205	0.000710426	0.000309542	0.00056979	0.000280625	0.000536928	0.000589998	0.000394811	0.000598876	0.000436221	0.000773357	0.000422903	0.000272075	0.000777797	0.000524936	0.000680203	0.000269126	0.000485017	0.000596084	0.000605179	0.000407631	0.000458432
8.427881424	3.487232245	0.023229689	0.027432819	0.032027275	0.002220341	0.007112858	0.013618652	0.0020899	0.001634295	0.008922741	0.002155121	0.001560152	0.001049722	0.001183319	0.001085956	0.00031203	0.000531109	0.000352997	0.000661551	0.000425822	0.000606122	0.000410459	0.000508291	0.000405746	0.000241972	0.000473795	0.000541844	0.000536071	0.000667883	0.000382709	0.000435434
8.449004532	4.23208381	0.059782436	0.049403943	0.039259409	0.005503734	0.006451691	0.01140909	0.005029756	0.00280696	0.006690791	0.002463734	0.001599314	0.001265168	0.002238549	0.001168042	0.000589306	0.000572043	0.000604731	0.000621995	0.000747606	0.000676168	0.000567821	0.0008835	0.00036361	0.000261914	0.000518849	0.000382709	0.000411995	0.00042107	0.000393177	0.000357976
8.848931253	4.54297087	0.111521479	0.07279354	0.044419263	0.009623094	0.010266878	0.010966449	0.007345943	0.004434752	0.004823057	0.002859608	0.001951025	0.0017078	0.001732594	0.000975364	0.000814247	0.000809375	0.000475089	0.000317903	0.000535746	0.00043258	0.000743845	0.000563639	0.000303937	0.00039721	0.000802784	0.000484583	0.000179424	0.0008614	0.00046112	0.00059161
10.20221532	4.840593181	0.180044889	0.108813659	0.047842205	0.011076647	0.013099242	0.00797751	0.008450536	0.007830708	0.001856386	0.003266655	0.002390252	0.002704571	0.001877102	0.001199531	0.00066126	0.001203936	0.000407781	0.000636139	0.000431594	0.000572202	0.000314319	0.000845088	0.000230024	0.000385597	0.000560746	0.000411842	0.000385097	0.000279766	0.000395127	0.000392343
11.42291789	8.307290834	0.244287979	0.142075408	0.044527357	0.015632035	0.014257907	0.008455431	0.007850569	0.009043945	0.001145261	0.003369465	0.00222606	0.002128903	0.001850993	0.001016336	0.000490429	0.000820165	0.000473153	0.000425038	0.000654833	0.000328808	0.000246142	0.000395127	0.000441386	0.000459589	0.000276053	0.000326952	0.000347269	0.000697768	0.000635466	0.000334116
11.319179	8.399593131	0.38073373	0.194854031	0.05194652	0.023227402	0.021556353	0.006395767	0.008905571	0.007090305	0.000848443	0.003617143	0.001274397	0.001988783	0.001647973	0.001598824	0.000881209	0.000609395	0.000337346	0.0007633	0.000507868	0.00053071	0.000877979	0.000481562	0.000609395	0.000461949	0.000497944	0.000799295	0.000377587	0.000425914	0.000543141	0.000526724
12.05762555	8.652675428	0.509087907	0.26204737	0.045180977	0.031899758	0.023954009	0.010918119	0.006290498	0.005167267	0.002463449	0.002861614	0.000559558	0.000608808	0.000558634	0.001577863	0.000608808	0.000740143	0.000344754	0.000576436	0.000993743	0.000541368	0.000739681	0.000559558	0.000426838	0.000461518	0.000558634	0.000607885	0.000345439	0.000273631	0.000641529	0.000542833
11.83342926	6.090720945	0.645632944	0.314916296	0.049240863	0.034222494	0.031179341	0.016056266	0.004350252	0.003083642	0.009564734	0.002643936	0.000824054	0.00063109	0.000411237	0.001064786	0.001399786	0.000626661	0.000333419	0.000400797	0.001081236	0.00191573	0.001393776	0.001471594	0.000405227	0.000333419	0.000263192	0.000439706	0.000646431	0.000410828	0.000409613	0.000461488
13.17084929	7.774606887	0.792362876	0.388841267	0.04513177	0.039659843	0.036939147	0.027331527	0.000812462	0.000596985	0.016470083	0.002427669	0.000944316	0.001702474	0.00132218	0.001667082	0.000711143	0.001092651	0.000778284	0.001191542	0.001191542	0.000662912	0.00122329	0.001091437	0.000381509	0.000396776	0.000234388	0.000413257	0.000803973	0.0003435	0.000417864	0.00051525
11.86055486	7.621417557	0.986112011	0.476376604	0.042017785	0.046300173	0.048869137	0.044443769	0.000662919	0.000318359	0.03113016	0.002984067	0.002327762	0.002041159	0.003452214	0.001950387	0.001681439	0.001478902	0.000883892	0.00073509	0.000637778	0.000557859	0.001073109	0.00055574	0.000581941	0.001187963	0.000680386	0.000409131	0.000400613	0.000204501	0.0008341	0.000351301
14.15217144	10.48390472	1.139468987	0.53453222	0.038853249	0.050260638	0.04689102	0.057624485	0.005042013	0.004430778	0.043357031	0.0062748	0.006468985	0.006718603	0.007290843	0.003707542	0.000784789	0.000978974	0.000466362	0.000427366	0.000476678	0.000400613	0.000699542	0.00046024	0.000578361	0.000739672	0.000331804	0.000371934	0.000445784	0.000478714	0.000514097	0.000477488
12.69878115	8.263592929	1.303629404	0.622254063	0.036228131	0.047803098	0.05939453	0.08185293	0.01521866	0.013703871	0.068582058	0.013603854	0.009192432	0.009488804	0.010460245	0.005718296	0.000498858	0.001006824	0.000725691	0.00052811	0.000330528	0.000515323	0.000496406	0.000295146	0.000591517	0.000725691	0.000591517	0.000263442	0.000665453	0.000473304	0.000445293	0.000604457
13.05261529	8.546284662	1.485045098	0.708734743	0.031582022	0.045732439	0.065088672	0.108974756	0.028904505	0.02964666	0.087765622	0.020905726	0.014924771	0.012873963	0.01242867	0.008839102	0.001472791	0.001165196	0.000868334	0.000714144	0.000786658	0.000724876	0.001033257	0.000950796	0.000566499	0.000620949	0.000433774	0.000517808	0.00060814	0.000373871	0.000414456	0.000442962
14.19811954	8.353558767	1.654150856	0.765260477	0.021875643	0.040871145	0.066440742	0.134940174	0.065105158	0.056100582	0.11558128	0.041602649	0.017116999	0.019214763	0.015265492	0.011681124	0.004664067	0.002644362	0.001261394	0.00204972	0.002677398	0.002611327	0.003869701	0.004148994	0.000464009	0.000579634	0.000579634	0.000693749	0.00046105	0.000576139	0.000454182	0.000706976
14.31382075	8.361480978	1.819293394	0.830070148	0.0190873	0.037797144	0.074625639	0.161287692	0.080380092	0.079952618	0.142084263	0.051213239	0.020352933	0.0198436	0.017771997	0.016933144	0.006263439	0.004224372	0.004618963	0.003813686	0.004109283	0.005177967	0.006411064	0.007117692	0.00179106	0.001413604	0.001807849	0.000887136	0.000667619	0.001294951	0.001483405	0.00213282
13.78362837	8.110298079	1.978239088	0.896377343	0.018096246	0.037929379	0.082915523	0.225343426	0.139171723	0.129689072	0.18995282	0.083555226	0.018820615	0.020362644	0.019709614	0.020285817	0.009996483	0.009740437	0.010563583	0.009204521	0.004726603	0.007344209	0.009509956	0.011231203	0.00375529	0.002685199	0.003014458	0.00111948	0.001533012	0.001368219	0.002011143	0.003659543
14.24412311	9.823426942	1.996984843	0.956748154	0.01277529	0.031435181	0.081381707	0.220523169	0.151521136	0.144548403	0.193456437	0.095046945	0.020291995	0.016780856	0.016681905	0.026654773	0.015824784	0.015412731	0.013335652	0.012198303	0.008786115	0.009610315	0.011720267	0.010071867	0.006676115	0.006428902	0.004137626	0.003610044	0.002251115	0.002670381	0.004667261	0.004380021
16.3549172	11.15033442	2.520321082	1.136395611	0.010635914	0.02766283	0.085017947	0.244850909	0.192222379	0.183063133	0.21814882	0.106422526	0.017425779	0.01565287	0.01596586	0.030526349	0.024729816	0.026026275	0.025554757	0.020376129	0.009862623	0.009185994	0.010037471	0.009288142	0.009690905	0.005789475	0.006129354	0.004528549	0.005658119	0.003427725	0.0051338	0.004279053
16.49411791	11.09610144	1.992338565	1.027797726	0.005306802	0.023034305	0.085695754	0.270058483	0.247445354	0.238646508	0.231150496	0.140613014	0.015566615	0.010366729	0.00949546	0.029527231	0.031307179	0.034252362	0.033690633	0.024990482	0.011617992	0.011771051	0.009656307	0.004956431	0.006380696	0.006719858	0.006025958	0.006880706	0.006232956	0.005836043	0.005935272	0.003553795
16.61657572	11.0548071	2.353751383	1.074369203	0.003287304	0.019160051	0.088289026	0.286100431	0.241943885	0.21060707	0.251965932	0.139590003	0.014281332	0.006414874	0.004628767	0.034110432	0.033572072	0.042745167	0.039966778	0.032326207	0.013472907	0.011143831	0.006026068	0.002945269	0.005406055	0.005339902	0.006613331	0.009917173	0.006424173	0.005089743	0.00502398	0.002643515
16.59837288	11.05696247	2.359667727	1.096131915	0.003629952	0.02038598	0.105234467	0.33169856	0.26494337	0.23774784	0.288880916	0.146209195	0.009972608	0.004534187	0.003840255	0.035452147	0.040364468	0.04463903	0.043784117	0.038115528	0.012129754	0.010400064	0.003468971	0.001108372	0.004987674	0.005425405	0.007559261	0.009548576	0.006340239	0.00585035	0.005121868	0.001756168
14.5908002	9.712545027	2.427108935	1.10035556	0.002300627	0.022527847	0.092916058	0.342437221	0.264904566	0.256315248	0.281589562	0.152519434	0.010951286	0.003723225	0.004163022	0.030293705	0.045148487	0.043366909	0.044852304	0.039492572	0.014477055	0.010309555	0.003821952	0.000870639	0.003883293	0.005949078	0.007343243	0.008644895	0.005347153	0.005260448	0.005001362	0.003552333
16.6149698	11.02504963	2.382136404	1.079887662	0.002839911	0.022461269	0.102251944	0.316764658	0.269073734	0.249215453	0.283211174	0.148211561	0.011821728	0.005589773	0.004095719	0.03373057	0.040934034	0.042020805	0.044676243	0.036899806	0.010278276	0.00844392	0.00428894	0.001502801	0.006289073	0.00597287	0.007038801	0.009624	0.004758447	0.005318669	0.006241387	0.004461859
16.59143628	11.01260753	2.341169141	1.068856268	0.005031684	0.021722995	0.088352984	0.273226139	0.236284462	0.229314645	0.241804294	0.139629745	0.013352624	0.007737367	0.008165772	0.034393891	0.034426845	0.035168315	0.03397578	0.030653588	0.013454331	0.012384893	0.008840741	0.005157725	0.007506687	0.008033955	0.00821864	0.00897315	0.002753096	0.003453408	0.005782164	0.004599484
16.47454944	11.04029039	2.25603821	1.023755556	0.008741004	0.026030121	0.083103293	0.263571236	0.246569864	0.223395811	0.226528076	0.133864833	0.017692689	0.01200087	0.013159147	0.030419577	0.032265965	0.028915103	0.030885459	0.022127317	0.012450265	0.010682021	0.009598255	0.009025544	0.007258836	0.007364782	0.006354875	0.007047271	0.002342091	0.003001835	0.003374564	0.003895736
16.01209016	11.121352	2.512787262	1.116165954	0.011980846	0.02923315	0.083760984	0.240334707	0.178863068	0.172381084	0.206671274	0.109820868	0.024195534	0.017447296	0.01696477	0.031573385	0.025251124	0.025948567	0.022959014	0.022800646	0.008233552	0.010018108	0.011245258	0.009847176	0.007399002	0.007573809	0.005594577	0.003687943	0.002045762	0.001947425	0.002340774	0.002044298
13.7213178	9.621479035	1.967048106	0.907711394	0.012107464	0.030249201	0.07697719	0.207665769	0.13845282	0.133617912	0.181295029	0.084498516	0.02203805	0.01931739	0.016255477	0.024399605	0.01292694	0.013895386	0.012484423	0.011435494	0.006421764	0.006466737	0.00875054	0.009355489	0.006720204	0.007300861	0.002661846	0.001666212	0.000412311	0.000677079	0.000953305	0.001331156
13.65803411	9.802994331	1.917911478	0.886088777	0.016974056	0.043822336	0.089162768	0.214954363	0.125603735	0.11395012	0.185914004	0.074867417	0.020154444	0.018482281	0.018646218	0.020829055	0.007957493	0.008732934	0.006536172	0.007205848	0.006428668	0.007065682	0.006787467	0.009335524	0.00336971	0.003095951	0.002077071	0.001227064	0.000384679	0.000364507	0.000542986	0.000327938
13.52607325	7.645662598	1.794372879	0.82387204	0.019949388	0.039197484	0.071220667	0.158829404	0.075682516	0.068564366	0.141907784	0.046625288	0.021505208	0.014175785	0.018787094	0.016276478	0.005618481	0.001703392	0.00196763	0.003716439	0.002636129	0.000510192	0.006063085	0.006505802	0.001572217	0.0002699	0.001260675	0.000473623	0.000393559	0.000360762	0.000311627	0.000475461
13.17868207	8.349107113	1.645109296	0.75850299	0.025712637	0.040602284	0.063871456	0.128628301	0.050385035	0.048248572	0.109868658	0.037022772	0.015316092	0.014922563	0.01600482	0.01034741	0.002508968	0.002000681	0.000737953	0.002427066	0.001443079	0.001393914	0.002181002	0.002361443	0.000819944	0.000262253	0.000360703	0.000524685	0.000658688	0.000452336	0.000475568	0.000567128
13.11970885	9.037010628	1.4386547	0.683207448	0.029380645	0.039400362	0.06208343	0.092880529	0.024841572	0.022742515	0.07982702	0.018347615	0.011066512	0.01152568	0.012312827	0.008124279	0.001085743	0.000806962	0.000377174	0.000675771	0.000575327	0.000235734	0.000282197	0.000839759	0.000568104	0.000316655	0.000485329	0.000946059	0.000362551	0.000309692	0.000420996	0.000759327
12.298798	8.968779344	1.282553632	0.593994553	0.032588428	0.044258921	0.054967739	0.074951014	0.011431585	0.0111191	0.057265979	0.010209117	0.008155372	0.00743819	0.008325121	0.00629722	0.001837891	0.001306759	0.000482234	0.000368137	0.000238306	0.000432305	0.000253742	0.000145166	0.000556978	0.000596331	0.000338331	0.000365344	0.000764551	0.000533545	0.000525779	0.000534967
11.98075057	9.04195827	1.128434883	0.526119685	0.038473633	0.038895941	0.046182251	0.056122175	0.003632874	0.002945544	0.042236885	0.007116228	0.005551688	0.00371436	0.005176851	0.003481933	0.00157515	0.001135123	0.001072778	0.000357119	0.000533545	0.000245881	0.000487497	0.000824308	0.000927524	0.000616453	0.000678799	0.0002636	0.000372856	0.000447117	0.000577461	0.000760452
13.01144732	9.106559286	0.936544074	0.447638784	0.041453265	0.039546979	0.045803507	0.038096898	0.000988555	0.000628224	0.029868912	0.002650445	0.000800243	0.001461053	0.003530269	0.002040398	0.000264806	0.000579345	0.001673892	0.00072424	0.000253484	0.000579345	0.001151485	0.000490675	0.00046341	0.000602843	0.000751364	0.000416414	0.000731971	0.000392856	0.000491557	0.000425431
12.0079026	7.549912054	0.772944875	0.369417272	0.042105214	0.037539231	0.03683886	0.023238636	0.001283801	0.001609555	0.014638734	0.001643106	0.000778883	0.000697444	0.000973359	0.001169787	0.000976286	0.001154475	0.001089324	0.000779858	0.000893872	0.000864011	0.000811458	0.000764546	0.000845009	0.001087373	0.000256701	0.000456055	0.000348022	0.000465048	0.0003063	0.000407044
10.68256859	7.605349682	0.616813892	0.307835049	0.042035418	0.032624564	0.027802112	0.015186806	0.005841079	0.003447661	0.005922488	0.002109505	0.000575967	0.000312406	0.000679763	0.001770641	0.001441953	0.00102168	0.000390762	0.000735732	0.000728608	0.000937218	0.001080701	0.001445006	0.000400938	0.000355485	0.00027679	0.000451819	0.000406846	0.000249583	0.000344488	0.000455668
10.24425007	10.16493134	0.476623057	0.250660715	0.044357179	0.025219137	0.02386567	0.01122363	0.007399277	0.006959883	0.002628302	0.002937505	0.000759548	0.000480155	0.001122997	0.001811872	0.000952096	0.000471942	0.000561524	0.000770346	0.000564109	0.000480155	0.000621144	0.000805632	0.000518025	0.000493691	0.000705251	0.00078662	0.000342123	0.000411104	0.000413631	0.000378761
9.969272196	8.302661687	0.360889054	0.191931684	0.042848797	0.020451596	0.020257541	0.006870261	0.007329878	0.008323148	0.000427275	0.003157692	0.001317172	0.001826342	0.001306466	0.001159053	0.000579639	0.000565994	0.000350714	0.000602632	0.000494487	0.000600864	0.000385584	0.000420453	0.000434266	0.000497828	0.000454705	0.000304896	0.000452513	0.000500997	0.000265742	0.000533319
10.07519612	8.149363812	0.221318588	0.12279996	0.039709884	0.013579032	0.014652446	0.006798514	0.008890491	0.007331824	0.001130507	0.004716404	0.002118951	0.001920518	0.002264402	0.001532649	0.000122126	0.000355546	0.000505496	0.000809895	0.000650059	0.000623123	0.00032056	0.000311562	0.000392368	0.000396867	0.000175109	0.000558479	0.000256487	0.000385694	0.000391078	0.000415304
9.523426342	8.102667685	0.164714893	0.101742699	0.033911788	0.009872866	0.010648107	0.007428867	0.008213081	0.007730482	0.003093259	0.004659893	0.002253415	0.001980777	0.003190165	0.000995574	0.000611806	0.000866367	0.000678336	0.000464522	0.000323017	0.000258414	0.000593729	0.000593729	0.000324943	0.000496824	0.000319165	0.00032687	0.000252811	0.000295848	0.000620761	0.000620761
9.311019265	4.467111663	0.098955793	0.067211038	0.041889471	0.005584298	0.009739455	0.011360494	0.005704094	0.004608805	0.004737914	0.002949511	0.002451951	0.0016106	0.002595406	0.001137199	0.000719734	0.000951337	0.000328434	0.000596286	0.000628563	0.000606763	0.000865827	0.000779472	0.00032759	0.000321929	0.000623747	0.000187158	0.000287715	0.00045277	0.000338627	0.000243144
9.243239345	4.170595669	0.043944123	0.03723609	0.034770744	0.004068593	0.006874357	0.013066387	0.00477556	0.003842842	0.006776338	0.002277441	0.00097145	0.001630787	0.00140258	0.001802788	0.001178399	0.000843577	0.000597896	0.000666201	0.000436605	0.000477351	0.000424526	0.001057451	0.000287715	0.000372145	0.000454039	0.000437913	0.000673081	0.000186184	0.000558513	0.000630088
7.908299803	3.465182581	0.018975223	0.020564848	0.027510508	0.003125522	0.006718281	0.014822148	0.001997764	0.001288869	0.007539946	0.001401638	0.001131344	0.000787634	0.000730357	0.000687402	0.000758977	0.000558498	0.000472602	0.000315042	0.000424266	0.000346071	0.00077332	0.000386662	0.000483332	0.000241658	0.00045111	0.000402777	0.000309476	0.000636477	0.000708549	0.000409983
7.43035428	3.561091699	0.004004044	0.015029188	0.023432689	0.009290668	0.004892143	0.013561236	0.000195736	0.002816395	0.00881938	0.001097067	0.000586224	0.000801455	0.000705595	0.000834537	0.000616347	0.000751748	0.000408417	0.000765527	0.00045165	0.000572006	0.000355483	0.000482055	0.000430817	0.00053794	0.000728398	0.000636077	0.000190998	0.000303117	0.000580557	0.000375649
6.369781736	2.915199448	0.003666112	0.010217706	0.027379684	0.001604757	0.005166935	0.011277679	0.000402891	0.000460873	0.006844519	0.00106198	0.000399487	0.000271651	0.000564388	0.001377641	0.000347924	0.000610625	0.0007048	0.000296361	0.000536432	0.000563327	0.000520715	0.000522228	0.000420573	0.000530727	0.00036923	0.000349847	0.000454215	0.000358434	0.000207527	0.000264148
6.79937405	2.92238154	0.01390283	0.011667921	0.019809376	0.003363214	0.005665594	0.011651958	0.001303905	0.001128305	0.007150212	0.00138734	0.000795577	0.00030669	0.000756222	0.001000665	0.000354817	0.000386744	0.000415055	0.000365667	0.000565961	0.000542764	0.000431018	0.000542764	0.000487639	0.000338853	0.000434635	0.000761141	0.000467418	0.00033715	0.000291931	0.000249406
3.855706625	2.317145458	0.031187827	0.014013285	0.013821925	0.003217329	0.004682723	0.008283122	0.002468759	0.002227788	0.003954419	0.001944292	0.000873245	0.000729725	0.001045627	0.000634045	0.000634045	0.000468516	0.000535334	0.000471547	0.000464723	0.000441763	0.000634821	0.000538292	0.000391814	0.000306018	0.000567227	0.000245263	0.000432461	0.000505683	0.000384117	0.000404143
3.830929125	2.326859231	0.041200342	0.019991123	0.010630701	0.004302766	0.005250217	0.004784178	0.003170033	0.002290951	0.003182979	0.001922813	0.000917512	0.000859662	0.001680894	0.000293296	0.000252135	0.000608034	0.000767325	0.000319946	0.000714564	0.000601158	0.000630689	0.000361665	0.000521055	0.000388771	0.000391197	0.000332134	0.000252612	0.000411149	0.000723437	0.000567891
2.949543528	1.801321935	0.061654874	0.027098005	0.007049959	0.004670633	0.005248657	0.002781314	0.004600712	0.002798177	0.001243767	0.001653421	0.001060851	0.000953465	0.001408685	0.000754945	0.000436276	0.000278636	0.00066421	0.000323804	0.000565797	0.000512952	0.000545756	0.000425208	0.000544485	0.000604385	0.00036714	0.000417954	0.000486318	0.000511408	0.000546171	0.000521339
2.853508693	1.730481925	0.081064554	0.033894811	0.004952613	0.004952613	0.004696161	0.00201767	0.003361635	0.004440052	0.000718368	0.002571728	0.000925327	0.000700642	0.00072205	0.000764178	0.000802336	0.000548792	0.000647724	0.000438205	0.000353255	0.000388018	0.000419786	0.000373975	0.000565893	0.000528446	0.000380653	0.000458232	0.000506699	0.000322115	0.000362153	0.000289712
2.616793616	1.299312004	0.09037414	0.039736047	0.002520522	0.004531475	0.004378888	0.001370781	0.002686373	0.002327259	0.000320945	0.001464992	0.000575643	0.000330921	0.000552323	0.000421226	0.000372149	0.000415495	0.000435849	0.000280845	0.00027882	0.000331011	0.000257234	0.000198913	0.000498479	0.000169042	0.000226028	0.000255114	0.000172356	0.000306526	0.000207446	0.00025121
1.761387275	1.064046994	0.101045921	0.041876846	0.000677799	0.003410983	0.003130261	0.001655646	0.001472349	0.000883661	0.000560832	0.000791599	0.000209102	0.000226161	0.000145112	0.000365155	0.000151302	0.000413453	0.000254089	0.000308182	0.000341617	0.000256572	0.00020993	0.000313545	0.000303845	0.00013561	0.000219826	0.000164168	0.000332685	0.000199771	0.000212921	0.00022262
1.289512989	0.784019129	0.099949227	0.043115555	0.000419866	0.002278958	0.002704399	0.002697425	0.000227269	0.000236568	0.001337406	0.00049001	0.000171074	0.000423353	0.00021372	0.000290439	0.000434193	0.000162156	0.000429321	0.000345955	0.000205547	0.000228468	0.00033926	0.000171474	0.000214119	0.000212557	0.000266791	0.000198972	0.000207991	0.000176626	0.000255196	0.000237455
1.111482516	0.678654869	0.0846608	0.036095501	0.000728522	0.001179985	0.002443132	0.003138544	0.00029163	0.000163002	0.002204569	0.000770341	0.000305381	0.000277437	0.000382082	0.000410311	0.000242841	0.000343589	0.000357529	0.00041709	0.000157616	0.000218762	0.000242841	0.000293215	0.000321095	0.000176942	0.000182327	0.000343589	0.000199925	0.000262617	0.000226428	0.00014556
0.852569305	0.511372484	0.087317956	0.037338633	0.0012086	0.001324096	0.001623972	0.00384056	0.000525387	0.00069343	0.002996743	0.000579287	0.000587287	0.000695936	0.000479998	0.000510582	0.000280889	0.000275052	0.000200687	0.000314757	0.000179284	0.000285934	0.000238662	0.000224466	0.00012913	0.000299696	0.000234482	0.000234482	0.000287825	0.000187063	0.000163059	9.96E-05
0.609454219	0.35979887	0.06371437	0.026028244	0.001869992	0.000517455	0.002046257	0.004275917	0.001408758	0.001352805	0.00289107	0.000972576	0.000423976	0.000417745	0.000492391	0.000505238	0.000461491	0.000311943	0.000386845	0.00020627	0.000280047	0.000259846	0.000267054	0.000211239	0.000149069	0.000134795	0.000217735	0.000239218	0.000367899	0.000276098	0.000321301	0.000127097
0.380944454	0.215680711	0.04788221	0.022316651	0.002626921	0.000437611	0.001388823	0.004042314	0.002070193	0.002314232	0.003506714	0.001334843	0.000359344	0.000247861	0.000418927	0.000381962	0.000186837	0.000327166	0.00016648	0.000188495	0.000160302	0.000220739	0.000181062	0.000184298	0.000303912	0.000210494	0.000322596	0.000307646	0.000286377	0.00039705	0.000203645	0.000134746
0.24276215	0.137267532	0.035777191	0.017523109	0.003606015	0.000895715	0.002507588	0.003067869	0.001524474	0.001736136	0.002495382	0.001511534	0.000368838	0.000362465	0.000224124	0.000375755	0.000210927	0.000198232	0.000279651	0.000292591	0.000155144	0.000317248	0.000304552	0.000281423	0.000100161	0.000112842	0.00018235	0.00021029	0.000246228	0.000248095	0.000266764	0.000214283
0.147302255	0.073135127	0.019758056	0.011329187	0.005050752	0.001106447	0.00147292	0.00221278	0.001538147	0.002021684	0.001424518	0.000817095	0.000310326	0.000229426	0.000371728	0.000169891	0.000214283	0.00029705	0.000284604	0.000127159	0.000322104	0.000295368	0.000246966	0.000168831	0.000213453	0.0002064	0.000192087	0.00028896	0.000223969	0.000253977	0.000205305	0.000281059
0.081580979	0.034255139	0.007474976	0.006769889	0.005197879	0.00165862	0.001828589	0.001738725	0.001002003	0.00098956	0.000696141	0.000421954	0.000240436	0.00039597	0.000341076	0.000206768	0.000318752	0.000205669	0.000276301	0.000337416	0.000252513	0.000172003	0.000139065	0.0002578	0.000256539	0.000326498	0.000128087	0.000240071	0.000311831	0.00029317	0.00023168	0.000272164
0.057698679	0.015027503	0.001514692	0.003075984	0.005442039	0.002094708	0.001636752	0.000643035	0.000259723	0.000270634	0.000367813	0.00029317	0.000443986	0.000459589	0.000238717	0.000355373	0.000209961	0.000290824	0.000169477	0.000247282	0.00029317	0.000160198	0.000248319	0.000135317	0.000265943	0.000213835	0.000285421	0.000192116	0.000234668	0.000243742	0.000296871	0.000130073
0.065193994	0.015761134	0.00192489	0.003158771	0.003318241	0.001669857	0.001603692	0.000610145	0.000296871	0.000134291	0.000320048	0.000423536	0.000296317	0.000136847	0.00035115	0.000236926	0.000326683	0.000177604	0.000196118	0.000130313	0.000330285	0.000145325	0.000247012	0.000179154	0.000270286	0.000151546	0.000166244	0.00022619	0.000204985	0.000213082	0.000265714	0.000281381
0.09491993	0.035089573	0.00742361	0.003873196	0.003811234	0.001193734	0.001455329	0.000577601	0.000605096	0.000784785	0.000538294	0.000848103	0.000400493	0.000288774	0.000377668	0.000188086	0.000243711	0.000293175	0.000223115	0.000166786	0.000261314	0.000226812	0.000231917	0.000143551	0.000316586	0.000298772	0.000264306	0.000265661	0.00024625	0.000310519	0.000153159	0.000249718
0.140141235	0.063572193	0.014156452	0.007789316	0.002960025	0.00121043	0.000937264	0.002022831	0.000902974	0.000919059	0.001445057	0.000969771	0.000242494	0.000236859	0.000332648	0.000147933	9.56E-05	0.000276711	0.000491646	0.000406308	0.000278464	0.000192141	0.000237779	0.00019924	0.000193942	0.000156303	0.000267419	0.000168249	0.000144353	0.00015618	0.000155605	0.000243572
0.212721312	0.103681479	0.024202065	0.011034828	0.00212989	0.000554823	0.000871044	0.002133836	0.001006343	0.001430093	0.002008244	0.000707558	0.000269527	0.000293757	0.000329239	0.000206365	0.000328802	0.000385177	0.000142766	0.000233799	0.000479218	0.000197864	0.000237371	0.00031236	0.000102258	0.000196005	0.000292032	0.000158216	0.000137337	0.000107175	0.0001751	0.000283681
0.281695005	0.146014908	0.028006343	0.013304392	0.001044735	0.000152567	0.000664623	0.002328242	0.00078819	0.001551251	0.002457355	0.000864061	0.000213926	0.00059726	0.000275675	0.000191862	0.000104046	0.000378331	0.000247608	0.000213926	0.000205091	0.000260836	0.000193473	0.000359879	0.000152567	0.000240383	0.000257224	0.000184247	0.000122924	0.000187551	0.000210023	0.000204409
0.363513175	0.198099641	0.03700183	0.017238295	0.000496613	0.000510659	0.000637099	0.002131867	0.000266217	0.000475542	0.001602235	0.00053033	0.000392651	0.000309766	0.000212835	0.00025639	0.000193164	0.00022548	0.000228287	0.000269029	9.86E-05	0.000274643	0.000254984	0.000224074	0.000235319	0.000292908	0.000142589	0.000342082	0.00011497	0.000246591	0.000159981	0.00016072
0.440362547	0.246648136	0.03445687	0.015090317	0.000355965	0.000662939	0.000799647	0.00131707	0.000207207	0.000159243	0.000935218	0.000350081	0.000176708	0.000154724	0.000259227	0.000250266	0.000270574	0.000269835	0.000166346	0.000252218	0.000155832	0.000266881	0.000254433	0.000195954	0.000245853	0.000211456	0.000350081	0.000133326	0.000178606	0.000243713	0.000163087	0.000239185
0.502643732	0.288870625	0.030441646	0.015249656	0.000578437	0.00098116	0.000667741	0.000496212	0.000335768	0.000434286	0.000327645	0.000390523	0.000259863	0.000213621	0.000264014	0.00020137	0.00023101	0.000204332	0.000337527	0.000168366	0.000147349	0.000152954	0.000212455	0.000187662	0.000238524	0.000185956	0.000321519	0.000190106	0.000200864	0.000247106	0.000262459	0.00018542
0.50206136	0.281154121	0.019433277	0.008601907	0.000710064	0.000668788	0.00059175	0.000267515	0.000844095	0.000545691	0.000282777	0.000463141	0.000277903	0.000272846	0.000139088	0.000324235	0.000154532	0.000128792	0.000174851	0.000149293	0.000221001	0.000185238	0.000128792	0.000149019	0.000200682	0.000195169	0.00026255	0.000303825	0.000249575	0.000166556	0.00018623	0.000218161
0.528969208	0.312743615	0.010624534	0.005930335	0.001416303	0.000597652	0.000643645	0.000803621	0.000723375	0.000620165	0.000539016	0.000466317	0.000316662	0.000499151	0.000398263	0.000203432	0.000276797	0.000170297	0.000314791	0.000213903	0.000292214	0.000176032	0.000249218	0.00016991	0.000237384	0.000120111	0.000173587	0.000263186	0.000119437	0.000207023	0.000160243	0.000273707
0.539546591	0.310708852	0.003507838	0.002995457	0.001665536	0.000501631	0.000325861	0.000790665	0.000548211	0.000563738	0.00090015	0.00039792	0.000237478	0.000235488	0.000258778	0.000207023	0.000222427	0.000149173	0.000174101	0.00025587	0.000226653	0.000184208	0.000255686	0.00021232	0.000175969	0.000232502	0.00025818	0.000124413	0.000212159	0.000213456	0.000212289	0.000208106
0.470659027	0.278007859	0.000661985	0.001387201	0.001996545	0.00033204	0.000462833	0.001186789	0.000217056	0.000245656	0.001181439	0.000182181	0.000377969	0.000159855	0.000280486	0.000197231	0.000167512	0.000169778	0.000230111	0.000216253	0.000102015	0.000211721	0.000172676	0.000213355	0.000228681	0.00014643	0.000204847	0.000112342	0.000160324	0.000218711	0.000281884	0.000240726
0.425194774	0.248574869	0.002327892	0.001664262	0.001371849	0.00022924	0.00032017	0.001037083	0.000172767	0.000162239	0.000843736	0.000244554	0.000182498	0.000150354	0.000155538	0.000220865	0.000157453	0.000189996	0.00031347	0.00021584	0.000181382	0.000194782	0.000201482	0.000237854	0.000256997	0.000155538	0.000225411	0.000205311	0.00022321	0.000263035	0.000149729	0.000210147
0.35066137	0.210108995	0.00777722	0.003088055	0.001234888	0.000559045	0.000371533	0.000479395	0.000667543	0.000573469	0.000684053	0.000202617	7.90E-05	0.000234187	0.000149729	0.000225207	0.000197809	0.000328986	0.000150365	0.000289797	0.00027882	0.000235548	0.000242442	0.000211508	0.000252058	0.000174405	0.00014356	0.000193001	0.000236926	0.000183639	0.000171226	0.000147989
0.272163965	0.158009569	0.014239385	0.006386852	0.000530104	0.000566547	0.000550122	0.000336643	0.000607797	0.000754783	0.000251345	0.000271363	0.000145983	0.000178413	0.000184851	0.000220501	0.000300994	0.007600814	0.000266138	0.000296981	0.000200064	0.000172439	0.000129558	0.000198851	0.000227608	0.000306077	0.000272626	0.000315392	0.000399618	0.000170738	0.000185971	0.00024967
0.178004603	0.108809532	0.015950208	0.007431834	0.000255902	0.000365558	0.000502958	0.000562871	0.000246254	0.000159558	0.000304657	0.000182754	0.000192202	0.000260393	0.000259569	0.000107787	0.000196276	0.000185716	0.000148998	0.000185716	0.00023528	0.000229872	0.000212824	0.000159847	0.000213741	0.00023354	0.000148114	0.000192109	0.000213444	0.000164701	0.000270405	0.000207073
0.094721301	0.063160816	0.014331785	0.00715366	0.000361709	0.000299395	0.000322013	0.000886649	0.000279453	0.00024888	0.000707359	0.000229692	0.000246769	0.000246957	0.000221474	0.000186302	0.000285824	0.000213633	0.000123799	0.000154636	0.000215103	0.000210768	0.000313795	0.000121123	0.000147476	0.000244092	0.000157501	0.000141253	0.00018606	0.000200195	0.000176463	0.000197095
0.041404056	0.026287047	0.008815186	0.004472185	0.00078712	0.000230149	0.000254817	0.001113195	0.000361189	0.000458218	0.000818566	0.000434791	0.000239272	0.000187237	0.000185156	0.000227448	0.000217706	0.000385236	0.000308313	0.000127718	0.000271411	0.000330434	0.000170973	0.000128979	0.000254961	0.000284886	0.000163929	0.000164829	0.000235364	0.000169613	0.000144785	0.000169613
0.009868576	0.005660144	0.002471311	0.001581614	0.000879752	0.000350771	0.000384836	0.000312729	0.000437823	0.000557898	0.000299835	0.000262831	0.00024332	0.00024428	0.021211565	0.000156719	0.000186485	0.000213554	0.00017949	0.000209256	0.000183788	0.000239662	0.000170253	0.000188086	0.000190179	0.00022343	0.000174231	0.000122654	0.000212543	0.00023899	0.000249206	0.000212259
0.007490067	0.001684931	0.000737206	0.000828609	0.000675918	0.000328599	0.000302982	0.000202586	0.000201676	0.00027878	0.000197937	0.000258923	0.000271807	0.000184902	0.000180405	0.000141146	0.000306873	0.000197786	0.000254729	0.000193441	0.000255184	0.000277153	0.000167217	0.000185508	0.000334612	0.000253138	0.000257211	0.000123064	NaN	NaN	NaN	NaN
