0.494549191	0.19431299	0.021673726	0.016491169	0.006286497	0.001184787	0.001291472	0.000670115	0.000619273	0.000865565	0.000672199	0.000611772	0.001028927	0.000566347	0.000825142	0.000900988	0.00077305	0.000534675	0.000612605	0.00046258	0.000671893	0.000698565	0.000558985	0.000653223	0.000564319	0.000489195
0.461981901	0.166810143	0.025702149	0.020676865	0.008889879	0.002976448	0.00212578	0.002141059	0.000641316	0.000826375	0.000511851	0.000481051	0.000857111	0.00042552	0.000707143	0.001003032	0.000726842	0.000493384	0.000443988	0.000826439	0.000567125	0.000480987	0.000604445	0.000470418	0.000549281	0.000720161
0.405961565	0.13406217	0.01747864	0.014686202	0.008792958	0.003330926	0.004413927	0.003838976	0.000976508	0.000769783	0.00096344	0.000795134	0.001119463	0.001212497	0.000872754	0.000639895	0.000432387	0.000574559	0.000520726	0.000586844	0.000696076	0.000806806	0.000742866	0.000485822	0.000490015	0.000476014
0.29655928	0.085436775	0.00914081	0.010076175	0.008175388	0.003218874	0.003676148	0.001523857	0.000816771	0.00086361	0.000881956	0.000609582	0.000531984	0.000743102	0.00107634	0.000678593	0.000590963	0.00069027	0.000498455	0.000452395	0.000545281	0.000605756	0.00029919	0.000466252	0.000678203	0.000687961
0.164628354	0.040338728	0.009530023	0.011580988	0.005764674	0.002523548	0.002802547	0.001176819	0.000747527	0.001150134	0.001223905	0.000788729	0.000962956	0.000788729	0.000939022	0.000737326	0.000457543	0.000696907	0.000595668	0.000756161	0.000897819	0.000609402	0.00039829	0.000526214	0.000467744	0.000490112
0.074901126	0.013707409	0.021176506	0.015575032	0.004140393	0.003651613	0.003938749	0.003079199	0.001619978	0.001498248	0.00141508	0.001035331	0.000923975	0.000898577	0.000641023	0.000830897	0.000638698	0.000721866	0.000572413	0.000477941	0.000515958	0.001083364	0.001143074	0.000734565	0.000463382	0.000803175
0.048825296	0.01751991	0.034998386	0.021402585	0.005184393	0.005678688	0.005773465	0.005022925	0.001123552	0.000790932	0.001460234	0.000578987	0.001014229	0.000731115	0.000841445	0.000306079	0.000541562	0.000635367	0.000878869	0.000564406	0.000502766	0.000727071	0.000597543	0.000614467	0.000510213	0.000495632
0.082310848	0.051466794	0.040489157	0.027240214	0.00812791	0.00478741	0.006388058	0.003865273	0.000858244	0.000808963	0.00166439	0.001348348	0.001217859	0.000629269	0.000588627	0.001046728	0.000858319	0.000837961	0.000809039	0.000481351	0.000542201	0.000518988	0.000797394	0.000585697	0.000481351	0.000429141
0.199908138	0.122322062	0.040055652	0.02590973	0.010672442	0.00426194	0.002977737	0.000941871	0.001846998	0.001620046	0.002481885	0.000733263	0.00126323	0.000883707	0.000777893	0.000688634	0.000695232	0.001014017	0.000585055	0.000733263	0.000505078	0.000812008	0.00087364	0.000516825	0.00034893	0.000494564
0.363809436	0.204316902	0.030812365	0.019694416	0.011205458	0.001927034	0.001231786	0.001399769	0.003388433	0.001615338	0.002448873	0.00114034	0.000995375	0.000746273	0.000767432	0.000519602	0.000892302	0.000782758	0.000985715	0.000614775	0.000692058	0.000456691	0.000781804	0.000592413	0.000638091	0.000451264
0.540084187	0.289493672	0.017670815	0.015795689	0.008637363	0.002642826	0.002694283	0.00445263	0.001769721	0.001741074	0.002023017	0.000868962	0.001060074	0.000790976	0.000736161	0.000533368	0.000645692	0.000589653	0.000570883	0.0005864	0.000656627	0.000651722	0.000612529	0.00042631	0.000800741	0.000862809
0.755217048	0.371558359	0.009705009	0.011153118	0.006837733	0.006495286	0.006961529	0.007275509	0.001235955	0.001662746	0.001905849	0.001520993	0.001492526	0.000798179	0.000544091	0.000360403	0.000882048	0.000647923	0.000914907	0.000667887	0.000636938	0.001045772	0.000546098	0.000636938	0.000555076	0.000705332
1.02117192	0.492474512	0.012159234	0.014372929	0.003672053	0.007393425	0.005833846	0.007954892	0.002261699	0.002368855	0.00245308	0.001263197	0.001092051	0.001334827	0.000578199	0.000416917	0.000412631	0.000850567	0.000731322	0.000731322	0.000886013	0.001379668	0.000800848	0.00062881	0.000547316	0.000757918
1.15532427	0.537626993	0.023223524	0.017427603	0.002498046	0.007095693	0.006540764	0.005060087	0.00221844	0.004211612	0.003453945	0.000760257	0.000668837	0.000605243	0.000690457	0.000597969	0.000566273	0.001264871	0.000879504	0.000570343	0.000586625	0.000593899	0.000682317	0.000459237	0.000378093	0.00072449
1.378618879	0.637399508	0.039422535	0.026221864	0.003179471	0.004435066	0.003696097	0.002458049	0.003424394	0.003663364	0.003009414	0.001290438	0.001059322	0.000850599	0.000638555	0.000895908	0.000576975	0.000352731	0.000471506	0.000786596	0.000615807	0.000392232	0.00038419	0.000548211	0.00040909	0.000665022
1.426466148	0.639811297	0.056015843	0.030359283	0.004973801	0.003042898	0.001952256	0.001514692	0.001729841	0.00262193	0.003098736	0.001768992	0.001430797	0.001355291	0.000626706	0.001127466	0.001159718	0.000603446	0.000645996	0.000634208	0.000603395	0.000738934	0.000488554	0.000518193	0.000638259	0.000524725
1.389637639	0.630710897	0.069129256	0.033560854	0.007452702	0.001671527	0.001310359	0.005176381	0.001438927	0.001640162	0.001776494	0.001250111	0.001298245	0.001178683	0.000738951	0.000782736	0.001474641	0.000694538	0.000503556	0.00055666	0.000403559	0.000780561	0.000497652	0.000516597	0.000502002	0.000485232
1.400620876	0.604704473	0.071776561	0.034253392	0.010345957	0.003853266	0.004631205	0.008013324	0.001892266	0.002315339	0.001776602	0.001403276	0.000440916	0.000787445	0.000715895	0.000881305	0.000581772	0.000874176	0.0005717	0.000631962	0.000596293	0.000569495	0.000617547	0.000606115	0.000502869	0.000511437
1.136959348	0.504374265	0.069818237	0.035213461	0.015378338	0.004510552	0.007230708	0.01202123	0.005826628	0.00408445	0.003330159	0.001118538	0.00082166	0.000817225	0.001067309	0.000788987	0.001188322	0.000461855	0.000659501	0.000563063	0.000394383	0.000733702	0.000336566	0.000737758	0.001062873	0.000403771
0.732970823	0.309458659	0.038364984	0.01941812	0.00737964	0.005987059	0.008567962	0.010052667	0.005524317	0.004158402	0.003740215	0.001236003	0.001477267	0.001347355	0.00062087	0.000679363	0.0015173	0.000418187	0.00041696	0.001050414	0.000871037	0.000753473	0.000948955	0.000769577	0.000509754	0.000631
0.835982848	0.348349075	0.045081863	0.021883883	0.010283878	0.007461752	0.009355547	0.010028079	0.005295279	0.003860585	0.004629491	0.001571998	0.001836065	0.002133131	0.000885033	0.001122265	0.0012048	0.000583833	0.001155265	0.000416734	0.000872631	0.000701398	0.000643667	0.000515731	0.000561133	0.000775664
0.617586169	0.244571429	0.027253514	0.014713798	0.008014591	0.005156774	0.007639435	0.008701953	0.003998273	0.003864622	0.003626726	0.001605403	0.001493939	0.00116213	0.00101167	0.00110972	0.00118432	0.000535134	0.000925259	0.000405093	0.000691503	0.00071369	0.000642989	0.000475793	0.000624412	0.000568148
0.402420324	0.155657143	0.01187153	0.009547232	0.004443714	0.005122487	0.004192919	0.003216684	0.001636795	0.002064019	0.002473407	0.00122703	0.000892763	0.001283182	0.000836989	0.000427601	0.001264968	0.000409765	0.000576332	0.000604031	0.00110562	0.000799806	0.000817642	0.000827505	0.000762246	0.000380934
0.233137347	0.083320124	0.011654565	0.00928901	0.002893983	0.002006367	0.001328833	0.001576234	0.002459785	0.002949911	0.002507237	0.000826403	0.000634827	0.000491449	0.001179965	0.000900837	0.000800167	0.000286755	0.000815422	0.000956662	0.000608591	0.000781558	0.00096978	0.0006031	0.000446605	0.000630553
0.10576869	0.034634232	0.012818506	0.009276083	0.001004608	0.001411577	0.001311492	0.003917499	0.003981285	0.004083068	0.003256923	0.0011237	0.000994842	0.001418667	0.002036396	0.001828449	0.00145592	0.000653454	0.000953005	0.000765213	0.001011941	0.001216832	0.000673609	0.000437164	0.000602733	0.000725211
0.052032432	0.009428429	0.02116512	0.011223354	0.00094309	0.001767289	0.003641744	0.009014041	0.006669043	0.005048228	0.003155055	0.001994489	0.002068818	0.001806755	0.001715501	0.001343984	0.001442258	0.00046758	0.001112339	0.000661268	0.000654768	0.000859895	0.000654768	0.000323367	0.000489263	0.000681599
0.067052788	0.01986451	0.035325324	0.015760367	0.002323573	0.003879083	0.006202949	0.013455359	0.008870154	0.006371436	0.004518416	0.001561536	0.002102859	0.002415264	0.001011746	0.001761303	0.001648919	0.000645404	0.000541356	0.000458066	0.000708002	0.000478888	0.000916164	0.000832873	0.00068705	0.000416616
0.199137346	0.075196664	0.049926941	0.021106823	0.004839218	0.007691578	0.012027569	0.019324329	0.005403108	0.005759606	0.004502479	0.000583187	0.000896275	0.001875756	0.001182075	0.001380554	0.001612962	0.000353491	0.000542968	0.000582818	0.00151815	0.000994112	0.00054413	0.000666948	0.000917122	0.000624883
0.419057006	0.173209065	0.076326981	0.028376508	0.008628512	0.01027557	0.012060404	0.023464559	0.005117586	0.003343189	0.002650424	0.000667274	0.001050792	0.000876027	0.001439659	0.001056141	0.001431896	0.000717427	0.000366361	0.000678404	0.001080898	0.000439114	0.001289651	0.001039148	0.00056678	0.000709025
0.75495143	0.319586128	0.09095089	0.027480965	0.01132172	0.011987874	0.015485456	0.021441681	0.002588995	0.003613187	0.002922614	0.000961892	0.000772153	0.00064512	0.002438387	0.00185824	0.002232852	0.000480338	0.001125052	0.000728727	0.000543854	0.000854139	0.000908015	0.000574396	0.00052133	0.000292221
1.083895097	0.458655774	0.115446896	0.035436302	0.018765833	0.008511272	0.011013377	0.019554074	0.002491747	0.00289526	0.00118985	0.000822094	0.001260688	0.001182774	0.001557474	0.002928756	0.002220975	0.000587686	0.000710706	0.00112227	0.000991023	0.000894232	0.000734084	0.000608251	0.000800516	0.000907696
1.759580305	0.722381539	0.137490605	0.043626463	0.021668959	0.008952471	0.009287701	0.01626339	0.004826229	0.002457408	0.001473939	0.002099961	0.001683457	0.001370445	0.003021841	0.000948877	0.002393287	0.001141241	0.001244734	0.001515842	0.002166614	0.002304242	0.000990781	0.001317116	0.001832826	0.00106211
2.397806882	1.029765843	0.130217063	0.039313701	0.02093158	0.005722756	0.004312129	0.009054548	0.005428978	0.002843238	0.002071513	0.001267197	0.002701038	0.003314267	0.0007542	0.000763577	0.002432933	0.000989714	0.002223091	0.001080569	0.001829081	0.000653968	0.000840596	0.000982796	0.001215851	0.000856891
3.503029173	1.474327689	0.126646687	0.035351554	0.020727426	0.001479347	0.004409808	0.005384772	0.007179668	0.00489729	0.002378187	0.002426133	0.001279264	0.002023184	0.001575128	0.001834405	0.001876672	0.00172732	0.00172448	0.001304657	0.001008793	0.001532862	0.000664984	0.001473722	0.001132752	0.001575128
4.041465568	1.709387013	0.112308367	0.027541403	0.019560293	0.001383889	0.00154993	0.003389703	0.008554132	0.00605658	0.001087569	0.00154993	0.001764872	0.002692877	0.002377445	0.002018426	0.002040389	0.002077429	0.001237372	0.001637878	0.001069665	0.001186875	0.001186875	0.000775012	0.001680209	0.001595546
5.606406905	2.375156105	0.101157506	0.019719	0.01615792	0.001413713	0.00218916	0.00753314	0.009716159	0.008125342	0.002910904	0.001090067	0.00126174	0.001154707	0.003209758	0.001130364	0.002359784	0.002571753	0.001110215	0.00149176	0.001045576	0.000664032	0.001473709	0.001691923	0.001498791	0.001192326
6.14193395	2.560527579	0.082248546	0.023657378	0.009392587	0.003766543	0.007035761	0.01240706	0.007234835	0.008310035	0.002220554	0.001495517	0.001050156	0.001643675	0.001665346	0.002174834	0.001963432	0.001041864	0.001695144	0.000598549	0.000966126	0.001898419	0.001962548	0.001622889	0.001326572	0.0011992
8.04542606	3.365287224	0.060829765	0.015818771	0.008261134	0.009281088	0.017205933	0.021845748	0.005884935	0.008691632	0.002839072	0.000877913	0.000749872	0.003141529	0.002481749	0.001830232	0.001772678	0.000964829	0.000709719	0.001092384	0.000780789	0.002297449	0.003173904	0.001149453	0.001643243	0.000956663
8.486860541	3.480538106	0.04526713	0.013972026	0.00445576	0.012976535	0.021726612	0.032796989	0.005245872	0.003497747	0.001701222	0.001867627	0.001652324	0.003497248	0.001735401	0.001799934	0.001671312	0.000981714	0.000886412	0.001198016	0.001309174	0.001373263	0.001799934	0.001224461	0.001522953	0.000735031
10.75892465	4.468419789	0.02363532	0.01086151	0.002360533	0.015807152	0.038494218	0.049190235	0.002651682	0.002199342	0.003307848	0.001950827	0.004577545	0.003708204	0.002003979	0.002118631	0.002022703	0.001782882	0.001321963	0.002081184	0.00094056	0.001716194	0.001447132	0.00093694	0.001363288	0.001142819
10.7731914	4.512741322	0.009838253	0.007941836	0.009217351	0.02579975	0.036558151	0.048517266	0.001078909	0.001765717	0.001721157	0.002406098	0.003754634	0.004186891	0.001825086	0.00139493	0.0010086	0.001497291	0.000820688	0.001493088	0.001226463	0.001358275	0.000655723	0.00199949	0.001571735	0.001130773
19.66743574	5.703142796	0.00288603	0.008536852	0.01113367	0.021785771	0.036933876	0.056458101	0.002164691	0.001178524	0.000745721	0.002645584	0.001996041	0.004353089	0.002982208	0.00101055	0.001202907	0.001225937	0.001394587	0.001154818	0.001322792	0.001900539	0.001828067	0.000865606	0.000937402	0.001467736
20.78250115	6.242252746	0.010036776	0.010421953	0.027754929	0.018142394	0.027974266	0.046633964	0.005431545	0.00309331	0.00117897	0.001237393	0.002622538	0.001719712	0.002505692	0.002178937	0.00056418	0.001269405	0.000853659	0.001449004	0.003116575	0.001672161	0.001365699	0.001400857	0.001286984	0.001396268
25.2295271	6.79402774	0.021887105	0.016022277	0.057558112	0.011436989	0.023402855	0.048768904	0.007461424	0.00723307	0.001291304	0.000880339	0.002049903	0.001567862	0.003692749	0.001978827	0.001687962	0.001821549	0.000870134	0.001060489	0.001953495	0.001555196	0.001349714	0.001753328	0.001119679	0.000970804
22.05229297	7.31794254	0.04991973	0.013825084	0.066963825	0.007029021	0.015736623	0.030105442	0.011300832	0.00842708	0.001495083	0.001397997	0.002737817	0.00144654	0.003482134	0.001609464	0.003085169	0.002032341	0.002137305	0.000660172	0.001582474	0.001038802	0.001650472	0.001126199	0.001221117	0.002058197
26.32913762	7.92099895	0.092990402	0.020852599	0.122049618	0.003528836	0.009403312	0.016600624	0.011815532	0.011563045	0.002355898	0.000945837	0.00284852	0.002556956	0.003027862	0.002055982	0.001803749	0.001069068	0.002257875	0.003868994	0.001797978	0.001603602	0.001618636	0.001125179	0.001012957	0.001220621
26.91415197	8.399235089	0.136276312	0.02265534	0.17158831	0.001743142	0.002132255	0.013513808	0.011814061	0.010984574	0.001791781	0.002729275	0.003983164	0.005391076	0.002518746	0.001361895	0.001991582	0.001894304	0.001410534	0.002815825	0.001213356	0.002140121	0.001215978	0.001116078	0.002237399	0.002326812
27.87557477	8.958121652	0.198762291	0.030328013	0.24077349	0.006133847	0.004576111	0.001265691	0.013192545	0.013630631	0.003115699	0.006279926	0.004576073	0.007058774	0.001363128	0.000876362	0.000827719	0.002385493	0.001947331	0.001217124	0.001557887	0.001995973	0.001703967	0.001411694	0.001752533	0.000827643
25.18422885	9.467234627	0.252935502	0.031065033	0.306527403	0.020444092	0.014207944	0.007143557	0.011532916	0.011484196	0.006563485	0.004074202	0.009197913	0.012600187	0.002236548	0.001306303	0.000974398	0.000735366	0.002378141	0.000978966	0.002577588	0.003266771	0.001501182	0.00155447	0.002183261	0.00140831
28.39172541	10.091312	0.337608252	0.044745083	0.357938524	0.039235921	0.04069853	0.016668365	0.011402971	0.011107757	0.00901135	0.004233493	0.007009759	0.011400279	0.002237285	0.002237285	0.001557425	0.001459918	0.001749748	0.001118642	0.001367794	0.002188531	0.001657624	0.002334792	0.001316349	0.001652241
32.72027761	11.71817871	0.425254934	0.038054428	0.429986807	0.078267213	0.081730749	0.033972985	0.011910586	0.014411326	0.01251579	0.003491166	0.006118354	0.008278871	0.003149691	0.003832641	0.000766414	0.002083533	0.003010395	0.00402885	0.001338271	0.001017375	0.000871029	0.001780006	0.002011068	0.000784544
29.59165432	10.95190713	0.500798119	0.038156438	0.507143366	0.128332152	0.146147652	0.075032082	0.004920502	0.009499337	0.012809123	0.002061748	0.002745082	0.008806737	0.004609112	0.006210563	0.004551037	0.002607919	0.00411175	0.003672464	0.001025001	0.002061748	0.000820497	0.0017454	0.001618851	0.000887839
30.44833384	11.21189411	0.600538252	0.044406516	0.581737644	0.176181683	0.200646889	0.126811776	0.003390442	0.006439055	0.020467979	0.000997638	0.000865064	0.001988218	0.005706564	0.007687724	0.004855425	0.003718347	0.003352101	0.005818155	0.002267289	0.00189761	0.000927822	0.000809174	0.000948805	0.001674238
31.53509059	11.66368623	0.678854141	0.041604133	0.679782293	0.273153772	0.292107624	0.202907278	0.007485803	0.006071418	0.026690885	0.003036875	0.004958365	0.00221459	0.006855353	0.005056065	0.006081918	0.001962173	0.001196905	0.002475175	0.002507691	0.003256777	0.001612054	0.001530688	0.001913322	0.002238939
38.52189277	12.09061931	0.768564305	0.048555304	0.718524881	0.338586869	0.403823814	0.27921392	0.005856512	0.004730086	0.027013267	0.014603638	0.0133356	0.006538151	0.005560818	0.007278633	0.007276139	0.001610104	0.00131441	0.00394822	0.003071115	0.002628821	0.002582448	0.003022248	0.002587437	0.002240382
38.93215866	12.46779802	0.851581092	0.036703803	0.834132353	0.477372322	0.525857334	0.359567151	0.012724893	0.005425478	0.032572616	0.03408079	0.027564509	0.018587092	0.006003874	0.004569581	0.010658136	0.001953475	0.001448945	0.002442235	0.00457701	0.005195063	0.004055144	0.001742201	0.001628679	0.004430382
39.27492321	12.71065628	0.875455988	0.042531618	0.8638713	0.507092252	0.565113451	0.389485678	0.014118418	0.011492476	0.035639462	0.056267049	0.054605111	0.039207742	0.004182061	0.005735406	0.009732777	0.005040245	0.006028689	0.003557447	0.004768627	0.004942484	0.005784286	0.002297385	0.002025767	0.001602225
45.20059133	14.53164306	1.093318524	0.042819482	1.042592898	0.583220118	0.656543229	0.448256713	0.018188179	0.006509412	0.037745057	0.092381249	0.090705292	0.067521223	0.002093789	0.006400038	0.010538691	0.012373237	0.011151185	0.008951492	0.003672228	0.004645821	0.01046886	0.002105977	0.001319816	0.002006189
45.57052423	14.94929079	1.006809175	0.036982601	0.964039242	0.669684339	0.764658031	0.50779403	0.023987525	0.009742518	0.046611947	0.109178249	0.106128129	0.09593179	0.001388203	0.002923045	0.015084395	0.020930422	0.021243266	0.015524315	0.004164608	0.003920208	0.003929959	0.003578049	0.002336486	0.002512441
40.03987065	14.90974061	1.024614169	0.034657121	1.020166791	0.72185035	0.819350563	0.560718419	0.028546417	0.012713464	0.044627067	0.132165479	0.128491912	0.125364086	0.00122014	0.003129494	0.008163339	0.028303723	0.030403564	0.018675883	0.003082289	0.003426062	0.005525903	0.007629079	0.009828331	0.006211782
40.3103106	15.08104757	1.051463236	0.035911621	1.025372085	0.824976973	0.922808317	0.664102485	0.036644607	0.009722929	0.045488148	0.158745239	0.14965731	0.141351139	0.001172814	0.001465795	0.00884363	0.035813901	0.038550141	0.028753655	0.001954482	0.002051935	0.006937829	0.01149808	0.011726182	0.008306082
35.45270478	13.41677145	1.05637497	0.032013028	1.036153902	0.853173471	1.001321752	0.688446427	0.032426974	0.006882001	0.037118359	0.151360067	0.160737954	0.142079867	0.001146593	0.002318829	0.009275316	0.050743158	0.041390914	0.03252466	0.001418894	0.002121014	0.006737914	0.015608646	0.011547744	0.008593954
40.4309773	15.5129935	1.059487127	0.033243426	1.041178784	0.832114933	1.015351813	0.700713334	0.034903383	0.007709389	0.045085085	0.151588561	0.162036523	0.140896488	0.001442519	0.001835361	0.012715933	0.040225008	0.041299098	0.03548925	0.001784275	0.002230223	0.005598959	0.012201036	0.011652918	0.008734657
40.1761606	15.21642713	1.047320539	0.03388119	1.029705266	0.70296879	0.82212806	0.581320935	0.030026325	0.006148763	0.041688514	0.138548117	0.132936604	0.120152112	0.001089937	0.00313936	0.010214746	0.034120333	0.040273436	0.030012383	0.001951831	0.004636094	0.005741966	0.006116397	0.00821412	0.00595358
45.48937667	15.22708078	1.038543388	0.035428244	1.004748599	0.652561066	0.794713746	0.537229645	0.026713076	0.009157341	0.055303843	0.114624111	0.123597042	0.097604802	0.001591039	0.003693917	0.011935359	0.026827204	0.026552845	0.019317251	0.002931899	0.00663811	0.005565259	0.003632858	0.005711557	0.001938344
45.06074942	14.97464722	1.078737678	0.039056228	1.097172141	0.614875623	0.704687938	0.471166173	0.021049571	0.006997805	0.031867983	0.099594782	0.105331186	0.084334834	0.004026003	0.002809363	0.008510959	0.015038517	0.012212085	0.006690822	0.003491606	0.003961853	0.005750327	0.001574005	0.001849326	0.001917601
39.11183702	13.16920894	0.951836098	0.041816143	0.891454578	0.537687041	0.630986229	0.43313936	0.014948636	0.008436205	0.034901485	0.059601745	0.069584173	0.050447127	0.003213855	0.005055481	0.008910484	0.006050161	0.004771428	0.000755099	0.004890064	0.005488503	0.006016812	0.002653536	0.001363454	0.00167964
38.83256233	12.71545399	0.843596267	0.037328725	0.835767001	0.492901098	0.607208374	0.396321516	0.013805976	0.008549184	0.033994296	0.041935408	0.039251089	0.027507191	0.004253621	0.006013434	0.009585536	0.002008179	0.001225252	0.001231325	0.005917339	0.004012499	0.004300782	0.0022456	0.000588966	0.003619264
38.56150327	12.4210722	0.799735024	0.04413007	0.784726567	0.362289816	0.42071036	0.271114659	0.005956609	0.004922308	0.026167752	0.020301253	0.017123567	0.011766555	0.003581734	0.00504021	0.011697056	0.002115109	0.002583373	0.002953861	0.003777284	0.004685534	0.003903335	0.003826171	0.002611648	0.002946197
38.02633876	12.11111319	0.710091914	0.044243259	0.710482594	0.274630135	0.344806044	0.202891507	0.006993355	0.007997961	0.025187884	0.005353894	0.008691373	0.002310684	0.001578159	0.009440596	0.005354733	0.002408354	0.004085443	0.004149717	0.002245151	0.001854471	0.001692527	0.001318545	0.00185573	0.001854471
34.75410057	11.55358399	0.60661782	0.05281342	0.628227558	0.205544996	0.239593747	0.157106013	0.002008243	0.007723799	0.022667104	0.001779651	0.00139883	0.001212739	0.006211605	0.005382338	0.005683265	0.003195462	0.003276534	0.003341804	0.001870146	0.001585707	0.001138439	0.001349707	0.001690827	0.001723804
33.8496851	11.2917519	0.545325579	0.050039737	0.565251991	0.154933541	0.172813721	0.094423506	0.007810703	0.009868	0.014669136	0.001049709	0.002343018	0.00387546	0.005910629	0.005678094	0.002294298	0.0018071	0.003658454	0.003804613	0.001012053	0.001233525	0.000914613	0.000974397	0.00206836	0.001342028
33.19446686	12.2101362	0.449765899	0.047562103	0.487086285	0.095538506	0.108773375	0.046777677	0.005753407	0.009901114	0.011068896	0.003758445	0.003521062	0.007656959	0.006537834	0.001623416	0.002067239	0.002158649	0.00133147	0.000821275	0.001276907	0.002298717	0.001282812	0.001459728	0.001508386	0.001337375
32.83012034	10.29220461	0.357582513	0.038496412	0.392518238	0.069267337	0.065223578	0.024009851	0.009803981	0.01712405	0.008804429	0.005238916	0.009877299	0.008574118	0.001828933	0.003326471	0.001360501	0.001196729	0.000615826	0.001696505	0.002146661	0.001303181	0.001285719	0.000834749	0.001020376	0.001311912
30.14868634	9.942138838	0.273443623	0.033379473	0.333411143	0.028867354	0.023724509	0.004220636	0.012614021	0.016301471	0.005465916	0.007907833	0.008878181	0.012419952	0.001746248	0.001988961	0.001309844	0.001164292	0.001164292	0.001406752	0.002231548	0.001503661	0.001892053	0.001843409	0.0023771	0.000921704
28.20506495	9.200973484	0.222823906	0.032827075	0.253198208	0.009433156	0.008702032	0.001510692	0.015537082	0.011806905	0.005553181	0.004196752	0.005020298	0.010256701	0.001831935	0.001536806	0.00076617	0.001594182	0.001202165	0.001919891	0.001439918	0.001109743	0.001536806	0.002219486	0.001691069	0.001114209
27.09948512	8.840926088	0.146862428	0.028609078	0.207802805	0.002406656	0.001499327	0.004045273	0.01201438	0.011900889	0.002308635	0.004571485	0.004190369	0.00613079	0.00191139	0.003217255	0.0012575	0.000967308	0.001880443	0.002153217	0.001305865	0.000949888	0.001692788	0.001433542	0.00048946	0.002116464
26.56793124	8.237428075	0.103809858	0.024386593	0.14084186	0.001402355	0.007436463	0.016709816	0.015018865	0.010481487	0.00246455	0.003625497	0.003188775	0.002642677	0.003915187	0.004203783	0.002321893	0.0015472	0.002320799	0.003915187	0.001543918	0.000871257	0.001158759	0.001013914	0.001208134	0.002175955
22.30781651	7.571353389	0.049839959	0.01333469	0.085271544	0.005249964	0.012781743	0.024812376	0.010564702	0.006210794	0.001486818	0.001384701	0.001202409	0.002743029	0.003220701	0.004235333	0.002683741	0.001191437	0.000998174	0.002029263	0.000676421	0.001471417	0.001116749	0.000856509	0.000727667	0.001300612
16.84182681	6.997314376	0.025426153	0.012704082	0.064898433	0.011639878	0.025459333	0.0392608	0.008197807	0.007334691	0.000941873	0.000934277	0.000829935	0.001845766	0.00432038	0.001038619	0.001942512	0.001356574	0.001994794	0.001478816	0.001570721	0.002329495	0.001112577	0.001809297	0.001472064	0.00124357
15.55530493	6.557604213	0.009161169	0.01287599	0.039152539	0.016508129	0.032151602	0.050536203	0.005102536	0.003267808	0.000950256	0.001024893	0.001555998	0.002640138	0.00296715	0.002844231	0.001191668	0.001426541	0.001244376	0.0009064	0.001867621	0.001637173	0.002543573	0.000928328	0.000504751	0.001674491
14.14334337	5.93183749	0.001495113	0.009590727	0.017510077	0.018537238	0.036255277	0.050278035	0.003342753	0.001493833	0.001380968	0.001831151	0.003053624	0.004369914	0.001235993	0.002107329	0.000935018	0.001976995	0.002314312	0.001091839	0.001334059	0.000948554	0.001350549	0.001445645	0.001268102	0.001302361
11.42563322	4.775423508	0.005652857	0.006593311	0.010062796	0.025992661	0.042896544	0.044291195	0.001682699	0.001610311	0.001369854	0.002716915	0.002933076	0.004640071	0.001177488	0.001514128	0.001033715	0.002083628	0.002126821	0.002083628	0.00146356	0.001655703	0.001228669	0.002018838	0.001419448	0.001322264
11.2920208	4.583244513	0.014143181	0.010308456	0.002022998	0.017373573	0.031010164	0.043907336	0.001613174	0.002187046	0.001034214	0.004602599	0.002325295	0.004615735	0.001857451	0.001485198	0.001691382	0.002295715	0.001153581	0.001454215	0.000828984	0.000962685	0.000583892	0.001736267	0.001039808	0.001020949
8.903571044	3.688024898	0.031748279	0.01235977	0.001879041	0.011465851	0.02823367	0.045594382	0.003015185	0.003378018	0.001168573	0.00099083	0.002344266	0.003404622	0.002132173	0.003714763	0.001687483	0.000839183	0.001055817	0.001917809	0.00094965	0.002696937	0.001665195	0.000458345	0.00126791	0.000866532
8.620274064	3.700285556	0.049501549	0.013101433	0.007792198	0.01534724	0.020603383	0.029204343	0.003714706	0.004900037	0.00354481	0.001158398	0.001606342	0.002398016	0.001633486	0.002749744	0.004070425	0.000776133	0.001455715	0.001482858	0.001737702	0.001502126	0.001393973	0.001521394	0.001540663	0.001115924
6.623398811	2.80987868	0.069704376	0.017747098	0.007491257	0.003677101	0.007067462	0.013932942	0.007966548	0.005440409	0.00258435	0.001382631	0.001496696	0.001258311	0.002593266	0.004633119	0.002249272	0.001305988	0.001229345	0.000943283	0.001329596	0.002525339	0.001075319	0.001382631	0.001534118	0.000609545
6.12375132	2.625382081	0.095682075	0.029591038	0.015795798	0.003432722	0.004193847	0.006503574	0.008802883	0.009336651	0.002925305	0.001010696	0.001753896	0.001504325	0.002898954	0.002391538	0.002587027	0.000985724	0.000637029	0.001387121	0.000951406	0.000915555	0.001438829	0.001135481	0.000885911	0.000933481
4.392297881	1.913780505	0.116070638	0.023276325	0.016835434	0.002136629	0.001361577	0.003513138	0.008706275	0.010450007	0.002124348	0.001533069	0.001575261	0.000999035	0.001392627	0.001294377	0.001533069	0.001294377	0.002096022	0.001744622	0.000801942	0.001209994	0.002039964	0.001076114	0.002136629	0.001186645
3.89978709	1.732810701	0.119333035	0.032494024	0.02003433	0.001422072	0.002884034	0.002968221	0.005259491	0.005554146	0.001560915	0.001398197	0.002258287	0.001458509	0.001139979	0.00158479	0.001560915	0.001834128	0.001908343	0.001387435	0.000916949	0.001476728	0.001374322	0.000827106	0.0020296	0.0019341
2.698448158	1.219800176	0.142001287	0.037580069	0.028018467	0.004105946	0.005402765	0.006234364	0.004747935	0.004373753	0.001648072	0.001702485	0.001141156	0.002498569	0.00171966	0.001110703	0.001536676	0.000922308	0.001194062	0.001112086	0.001255892	0.001177769	0.001109119	0.000645961	0.00081975	0.000922051
2.019012646	0.899644871	0.117438136	0.036609767	0.021108917	0.005653567	0.007819465	0.013509297	0.001887038	0.002325939	0.001571124	0.000791869	0.001757294	0.003628339	0.001420319	0.002227392	0.001472576	0.000704247	0.000623382	0.000689943	0.00044059	0.000753126	0.001240906	0.000605699	0.000507152	0.000497016
1.40464076	0.636112559	0.125707147	0.03684028	0.021172354	0.009862381	0.014092727	0.016613663	0.00224433	0.001627325	0.001130917	0.000506132	0.001025878	0.002370377	0.002198425	0.003476011	0.002492534	0.00051399	0.000725468	0.000698156	0.000517801	0.001039106	0.000983862	0.000517801	0.00090917	0.000548148
0.921650331	0.426861393	0.112691059	0.032681564	0.015539666	0.007456632	0.013079269	0.019211134	0.002814403	0.003629155	0.001934256	0.000527687	0.000648368	0.000547677	0.002376856	0.001703742	0.001915827	0.000422907	0.000695334	0.000637519	0.000551169	0.000742299	0.00027369	0.000606457	0.000655949	0.000567072
0.557651917	0.248571935	0.089756877	0.031285676	0.012642471	0.011908783	0.016986676	0.023864412	0.003634443	0.004886727	0.00304709	0.000814287	0.000772477	0.000958607	0.000852068	0.001226343	0.001046256	0.000705733	0.00056947	0.000358406	0.001144738	0.000862139	0.001121818	0.000437997	0.000523631	0.000724624
0.296702619	0.125126909	0.063145261	0.026335838	0.007505495	0.008162244	0.01180185	0.020549376	0.006335703	0.005940405	0.003980016	0.000916203	0.001123805	0.001021429	0.001082094	0.000625181	0.001164565	0.000605276	0.000482046	0.000625181	0.000991371	0.001010996	0.000730307	0.000897249	0.000769266	0.000605276
0.116844707	0.042727786	0.042315817	0.016773755	0.003475577	0.004966065	0.010182223	0.016885053	0.007701972	0.00622263	0.003141335	0.001464298	0.001779533	0.00163075	0.001256233	0.001193814	0.001470573	0.000774546	0.000628901	0.000510336	0.000626424	0.000810859	0.000455067	0.000736071	0.000476981	0.000774546
0.059467142	0.011414541	0.021417554	0.012684983	0.001931216	0.002185153	0.003993967	0.009546244	0.006040408	0.007123685	0.00359468	0.001501508	0.001800435	0.001572804	0.001423341	0.001890415	0.002043314	0.000443988	0.000327906	0.000568541	0.000694705	0.000687081	0.000597855	0.000551599	0.001025236	0.000577012
0.083827192	0.015523088	0.013339383	0.00817816	0.000788156	0.001389893	0.001893226	0.005509764	0.005006432	0.004071737	0.003051624	0.001541626	0.001555074	0.001307534	0.002184995	0.001430659	0.001164272	0.000583095	0.001121114	0.000694947	0.000900008	0.001302339	0.00066026	0.000758664	0.000675285	0.000639021
0.182696712	0.051582965	0.008834566	0.007196889	0.002025878	0.002304308	0.000967355	0.002452516	0.00301122	0.003550091	0.002417771	0.000443395	0.000705067	0.00072367	0.001671191	0.001170757	0.000871879	0.000613283	0.000966124	0.00046692	0.000726131	0.000945675	0.000742888	0.000687695	0.000780094	0.000853891
0.331410782	0.121127622	0.012829752	0.010546011	0.003045181	0.002980199	0.003249267	0.003082314	0.00146387	0.002228259	0.001856931	0.000705741	0.000705669	0.000909827	0.000427245	0.000520077	0.000686957	0.00069212	0.000590848	0.000438941	0.000204521	0.000389895	0.00072409	0.000798501	0.000612837	0.000872404
0.528930439	0.194147936	0.022809565	0.013377244	0.00655454	0.004951066	0.006072732	0.005946281	0.0038708	0.002455904	0.002925715	0.000987002	0.000605884	0.000773938	0.000929821	0.000426393	0.001257918	0.000485075	0.000336827	0.000469811	0.000710715	0.00073869	0.001115132	0.000751044	0.000481808	0.000865498
0.763239631	0.291728451	0.032661221	0.019529161	0.008263063	0.008226064	0.009944031	0.009521018	0.004560723	0.004877683	0.003667812	0.002211307	0.002074397	0.001952316	0.000860855	0.001579858	0.001288811	0.000751752	0.000806699	0.000657587	0.00067339	0.000679533	0.000739974	0.000718117	0.000560019	0.000840334
0.867648503	0.354831599	0.049744162	0.024825357	0.0089834	0.008403126	0.009503941	0.011358456	0.005397421	0.006645259	0.004853591	0.001338076	0.001391372	0.002436031	0.001227583	0.0012686	0.000774209	0.00064542	0.000506889	0.000771541	0.000500828	0.000945956	0.000490535	0.00081715	0.000653956	0.00091239
1.10083751	0.46204411	0.066567039	0.030362499	0.013794853	0.006899915	0.011328698	0.012250986	0.005477493	0.004152206	0.003463591	0.000580437	0.001082411	0.000747579	0.001052009	0.000739031	0.000592666	0.000764894	0.00056203	0.000510632	0.000561484	0.000429517	0.000479277	0.000880639	0.000512269	0.000543078
1.374857317	0.581010831	0.06828256	0.032707518	0.010777684	0.005840324	0.00548056	0.010478571	0.002741604	0.003563258	0.003529545	0.00081141	0.001001125	0.000718535	0.000473954	0.000836861	0.00115283	0.000482549	0.000714571	0.00059228	0.000523896	0.001325919	0.000472631	0.000457098	0.000584019	0.000647146
1.362281727	0.602594556	0.072955873	0.034723933	0.008584739	0.00228989	0.002400786	0.004799387	0.001602199	0.001999414	0.002692718	0.001616199	0.000898982	0.000760086	0.001127774	0.000431557	0.00075156	0.000689875	0.000484926	0.000528452	0.000848455	0.000636506	0.000612664	0.000747402	0.000477926	0.000578909
1.440899836	0.637797197	0.062962145	0.032293054	0.00540985	0.002619781	0.00096603	0.003120609	0.00236022	0.002087979	0.00300424	0.001772537	0.001313677	0.001705207	0.00064329	0.000981403	0.00103482	0.000862114	0.000404713	0.000660123	0.000660123	0.000404713	0.00057158	0.00089432	0.000762578	0.000692328
1.437069653	0.653953043	0.039829568	0.025279804	0.002837645	0.002977054	0.003179001	0.002237489	0.003028146	0.002608028	0.004592932	0.002052069	0.000856611	0.000975019	0.000631655	0.000693084	0.000817882	0.000523947	0.000656479	0.000416238	0.000725323	0.000849289	0.000678489	0.000734221	0.0005548	0.00047739
1.219417509	0.569261012	0.02670568	0.01888325	0.001541885	0.005755456	0.006798644	0.004374547	0.003780069	0.00376364	0.003610018	0.000531295	0.000863682	0.00089354	0.000417246	0.000971684	0.000401817	0.000637959	0.000741131	0.000619778	0.00062331	0.000589647	0.000538789	0.000571868	0.000324006	0.000663107
1.074376962	0.529434281	0.015770667	0.016658349	0.002670861	0.008078222	0.007684581	0.006670768	0.002663142	0.00184479	0.002450834	0.0014126	0.000856708	0.000833598	0.000629442	0.000675679	0.00059818	0.000686978	0.000991821	0.000760336	0.000845201	0.000949437	0.000760239	0.000760336	0.000432189	0.000482438
0.921216066	0.474552177	0.010325042	0.012535102	0.005094857	0.007304917	0.005960335	0.007404054	0.001511946	0.001262027	0.001799183	0.001595628	0.001419216	0.002010272	0.000560146	0.00082288	0.000752013	0.000838335	0.000931065	0.0006966	0.000685294	0.000582994	0.000719741	0.00085379	0.000458368	0.000433866
0.640283466	0.348660447	0.013859299	0.013541522	0.007686995	0.004253709	0.003870809	0.004861509	0.001274313	0.002279606	0.001046209	0.001405447	0.001126812	0.000914188	0.000699088	0.000470465	0.000499043	0.000738178	0.000531398	0.000559157	0.000548645	0.000595289	0.000623867	0.000635197	0.000769714	0.000605801
0.43554655	0.247514043	0.025281934	0.017269276	0.011892702	0.002594156	0.001729519	0.002786011	0.002766463	0.00283899	0.002464538	0.000799052	0.00056451	0.00080368	0.00071264	0.000516158	0.00064063	0.000625711	0.000804198	0.000789278	0.000482726	0.000453404	0.000599652	0.000520786	0.00080368	0.000471917
0.268076799	0.164167521	0.036122519	0.025506267	0.010773508	0.002946787	0.002907649	0.001273158	0.001735363	0.001966465	0.002022378	0.001194883	0.001318822	0.001184633	0.000643684	0.000468495	0.000497383	0.000732679	0.000623184	0.000371582	0.000976363	0.000643684	0.000767623	0.000635766	0.000612934	0.000466163
0.111650659	0.079754974	0.040381903	0.028248307	0.009490454	0.004521698	0.003726885	0.003189052	0.001163182	0.000879515	0.001582925	0.00088782	0.001130729	0.000876908	0.000685294	0.000799408	0.000699365	0.000710717	0.000503919	0.000423202	0.000671833	0.000685294	0.00063145	0.000590241	0.000757279	0.000546751
0.055724668	0.037068223	0.034182211	0.025088172	0.005944677	0.006868475	0.006238764	0.006163493	0.001180009	0.000830543	0.001031934	0.000816878	0.000690611	0.000494662	0.000947511	0.000665858	0.000525032	0.000860769	0.000446194	0.00064901	0.000592637	0.000781931	0.000841632	0.00049799	0.000449522	0.000345931
0.057987994	0.011870673	0.024966039	0.019269354	0.003137086	0.004143183	0.003295223	0.003533874	0.002310242	0.001138487	0.001480892	0.000746713	0.000997515	0.001225076	0.000744206	0.000458692	0.000614323	0.000814647	0.000841017	0.000724697	0.000488391	0.000469781	0.00054885	0.000802399	0.000489934	0.000353494
0.132324305	0.023165118	0.012613844	0.014085649	0.003616487	0.003554255	0.002364942	0.001796358	0.001112099	0.000935489	0.00159108	0.000938667	0.000786604	0.000793595	0.00089933	0.000565989	0.000676768	0.000695983	0.000569466	0.000657665	0.000661785	0.000654294	0.00089933	0.000701544	0.000599553	0.000558498
0.249422345	0.052275112	0.008770212	0.011345465	0.005793803	0.002714274	0.001395052	0.000815292	0.000505379	0.000627912	0.000949732	0.000673208	0.000485828	0.000453405	0.000943537	0.000543997	0.00056926	0.000557353	0.000602166	0.000395236	0.000417173	0.000486794	0.000461048	0.000550675	0.000563789	0.000318482
0.354815671	0.102083609	0.013527314	0.015939351	0.009118012	0.003981201	0.003464394	0.003713663	0.00134926	0.001366582	0.001048026	0.001176061	0.000462432	0.001090806	0.000858436	0.000696993	0.000598611	0.000505237	0.000642863	0.000380602	0.000562479	0.000401036	0.000372889	0.000611247	0.000637889	0.000581941
