0.494549191	0.021673726	0.001184787	0.000619273	0.000611772	0.000825142	0.000534675	0.000671893	0.000653223
0.461981901	0.025702149	0.002976448	0.000641316	0.000481051	0.000707143	0.000493384	0.000567125	0.000470418
0.405961565	0.01747864	0.003330926	0.000976508	0.000795134	0.000872754	0.000574559	0.000696076	0.000485822
0.29655928	0.00914081	0.003218874	0.000816771	0.000609582	0.00107634	0.00069027	0.000545281	0.000466252
0.164628354	0.009530023	0.002523548	0.000747527	0.000788729	0.000939022	0.000696907	0.000897819	0.000526214
0.074901126	0.021176506	0.003651613	0.001619978	0.001035331	0.000641023	0.000721866	0.000515958	0.000734565
0.048825296	0.034998386	0.005678688	0.001123552	0.000578987	0.000841445	0.000635367	0.000502766	0.000614467
0.082310848	0.040489157	0.00478741	0.000858244	0.001348348	0.000588627	0.000837961	0.000542201	0.000585697
0.199908138	0.040055652	0.00426194	0.001846998	0.000733263	0.000777893	0.001014017	0.000505078	0.000516825
0.363809436	0.030812365	0.001927034	0.003388433	0.00114034	0.000767432	0.000782758	0.000692058	0.000592413
0.540084187	0.017670815	0.002642826	0.001769721	0.000868962	0.000736161	0.000589653	0.000656627	0.00042631
0.755217048	0.009705009	0.006495286	0.001235955	0.001520993	0.000544091	0.000647923	0.000636938	0.000636938
1.02117192	0.012159234	0.007393425	0.002261699	0.001263197	0.000578199	0.000850567	0.000886013	0.00062881
1.15532427	0.023223524	0.007095693	0.00221844	0.000760257	0.000690457	0.001264871	0.000586625	0.000459237
1.378618879	0.039422535	0.004435066	0.003424394	0.001290438	0.000638555	0.000352731	0.000615807	0.000548211
1.426466148	0.056015843	0.003042898	0.001729841	0.001768992	0.000626706	0.000603446	0.000603395	0.000518193
1.389637639	0.069129256	0.001671527	0.001438927	0.001250111	0.000738951	0.000694538	0.000403559	0.000516597
1.400620876	0.071776561	0.003853266	0.001892266	0.001403276	0.000715895	0.000874176	0.000596293	0.000606115
1.136959348	0.069818237	0.004510552	0.005826628	0.001118538	0.001067309	0.000461855	0.000394383	0.000737758
0.732970823	0.038364984	0.005987059	0.005524317	0.001236003	0.00062087	0.000418187	0.000871037	0.000769577
0.835982848	0.045081863	0.007461752	0.005295279	0.001571998	0.000885033	0.000583833	0.000872631	0.000515731
0.617586169	0.027253514	0.005156774	0.003998273	0.001605403	0.00101167	0.000535134	0.000691503	0.000475793
0.402420324	0.01187153	0.005122487	0.001636795	0.00122703	0.000836989	0.000409765	0.00110562	0.000827505
0.233137347	0.011654565	0.002006367	0.002459785	0.000826403	0.001179965	0.000286755	0.000608591	0.0006031
0.10576869	0.012818506	0.001411577	0.003981285	0.0011237	0.002036396	0.000653454	0.001011941	0.000437164
0.052032432	0.02116512	0.001767289	0.006669043	0.001994489	0.001715501	0.00046758	0.000654768	0.000323367
0.067052788	0.035325324	0.003879083	0.008870154	0.001561536	0.001011746	0.000645404	0.000708002	0.000832873
0.199137346	0.049926941	0.007691578	0.005403108	0.000583187	0.001182075	0.000353491	0.00151815	0.000666948
0.419057006	0.076326981	0.01027557	0.005117586	0.000667274	0.001439659	0.000717427	0.001080898	0.001039148
0.75495143	0.09095089	0.011987874	0.002588995	0.000961892	0.002438387	0.000480338	0.000543854	0.000574396
1.083895097	0.115446896	0.008511272	0.002491747	0.000822094	0.001557474	0.000587686	0.000991023	0.000608251
1.759580305	0.137490605	0.008952471	0.004826229	0.002099961	0.003021841	0.001141241	0.002166614	0.001317116
2.397806882	0.130217063	0.005722756	0.005428978	0.001267197	0.0007542	0.000989714	0.001829081	0.000982796
3.503029173	0.126646687	0.001479347	0.007179668	0.002426133	0.001575128	0.00172732	0.001008793	0.001473722
4.041465568	0.112308367	0.001383889	0.008554132	0.00154993	0.002377445	0.002077429	0.001069665	0.000775012
5.606406905	0.101157506	0.001413713	0.009716159	0.001090067	0.003209758	0.002571753	0.001045576	0.001691923
6.14193395	0.082248546	0.003766543	0.007234835	0.001495517	0.001665346	0.001041864	0.000966126	0.001622889
8.04542606	0.060829765	0.009281088	0.005884935	0.000877913	0.002481749	0.000964829	0.000780789	0.001149453
8.486860541	0.04526713	0.012976535	0.005245872	0.001867627	0.001735401	0.000981714	0.001309174	0.001224461
10.75892465	0.02363532	0.015807152	0.002651682	0.001950827	0.002003979	0.001782882	0.00094056	0.00093694
10.7731914	0.009838253	0.02579975	0.001078909	0.002406098	0.001825086	0.001497291	0.001226463	0.00199949
19.66743574	0.00288603	0.021785771	0.002164691	0.002645584	0.002982208	0.001225937	0.001322792	0.000865606
20.78250115	0.010036776	0.018142394	0.005431545	0.001237393	0.002505692	0.001269405	0.003116575	0.001400857
25.2295271	0.021887105	0.011436989	0.007461424	0.000880339	0.003692749	0.001821549	0.001953495	0.001753328
22.05229297	0.04991973	0.007029021	0.011300832	0.001397997	0.003482134	0.002032341	0.001582474	0.001126199
26.32913762	0.092990402	0.003528836	0.011815532	0.000945837	0.003027862	0.001069068	0.001797978	0.001125179
26.91415197	0.136276312	0.001743142	0.011814061	0.002729275	0.002518746	0.001894304	0.001213356	0.001116078
27.87557477	0.198762291	0.006133847	0.013192545	0.006279926	0.001363128	0.002385493	0.001557887	0.001411694
25.18422885	0.252935502	0.020444092	0.011532916	0.004074202	0.002236548	0.000735366	0.002577588	0.00155447
28.39172541	0.337608252	0.039235921	0.011402971	0.004233493	0.002237285	0.001459918	0.001367794	0.002334792
32.72027761	0.425254934	0.078267213	0.011910586	0.003491166	0.003149691	0.002083533	0.001338271	0.001780006
29.59165432	0.500798119	0.128332152	0.004920502	0.002061748	0.004609112	0.002607919	0.001025001	0.0017454
30.44833384	0.600538252	0.176181683	0.003390442	0.000997638	0.005706564	0.003718347	0.002267289	0.000809174
31.53509059	0.678854141	0.273153772	0.007485803	0.003036875	0.006855353	0.001962173	0.002507691	0.001530688
38.52189277	0.768564305	0.338586869	0.005856512	0.014603638	0.005560818	0.001610104	0.003071115	0.003022248
38.93215866	0.851581092	0.477372322	0.012724893	0.03408079	0.006003874	0.001953475	0.00457701	0.001742201
39.27492321	0.875455988	0.507092252	0.014118418	0.056267049	0.004182061	0.005040245	0.004768627	0.002297385
45.20059133	1.093318524	0.583220118	0.018188179	0.092381249	0.002093789	0.012373237	0.003672228	0.002105977
45.57052423	1.006809175	0.669684339	0.023987525	0.109178249	0.001388203	0.020930422	0.004164608	0.003578049
40.03987065	1.024614169	0.72185035	0.028546417	0.132165479	0.00122014	0.028303723	0.003082289	0.007629079
40.3103106	1.051463236	0.824976973	0.036644607	0.158745239	0.001172814	0.035813901	0.001954482	0.01149808
35.45270478	1.05637497	0.853173471	0.032426974	0.151360067	0.001146593	0.050743158	0.001418894	0.015608646
40.4309773	1.059487127	0.832114933	0.034903383	0.151588561	0.001442519	0.040225008	0.001784275	0.012201036
40.1761606	1.047320539	0.70296879	0.030026325	0.138548117	0.001089937	0.034120333	0.001951831	0.006116397
45.48937667	1.038543388	0.652561066	0.026713076	0.114624111	0.001591039	0.026827204	0.002931899	0.003632858
45.06074942	1.078737678	0.614875623	0.021049571	0.099594782	0.004026003	0.015038517	0.003491606	0.001574005
39.11183702	0.951836098	0.537687041	0.014948636	0.059601745	0.003213855	0.006050161	0.004890064	0.002653536
38.83256233	0.843596267	0.492901098	0.013805976	0.041935408	0.004253621	0.002008179	0.005917339	0.0022456
38.56150327	0.799735024	0.362289816	0.005956609	0.020301253	0.003581734	0.002115109	0.003777284	0.003826171
38.02633876	0.710091914	0.274630135	0.006993355	0.005353894	0.001578159	0.002408354	0.002245151	0.001318545
34.75410057	0.60661782	0.205544996	0.002008243	0.001779651	0.006211605	0.003195462	0.001870146	0.001349707
33.8496851	0.545325579	0.154933541	0.007810703	0.001049709	0.005910629	0.0018071	0.001012053	0.000974397
33.19446686	0.449765899	0.095538506	0.005753407	0.003758445	0.006537834	0.002158649	0.001276907	0.001459728
32.83012034	0.357582513	0.069267337	0.009803981	0.005238916	0.001828933	0.001196729	0.002146661	0.000834749
30.14868634	0.273443623	0.028867354	0.012614021	0.007907833	0.001746248	0.001164292	0.002231548	0.001843409
28.20506495	0.222823906	0.009433156	0.015537082	0.004196752	0.001831935	0.001594182	0.001439918	0.002219486
27.09948512	0.146862428	0.002406656	0.01201438	0.004571485	0.00191139	0.000967308	0.001305865	0.001433542
26.56793124	0.103809858	0.001402355	0.015018865	0.003625497	0.003915187	0.0015472	0.001543918	0.001013914
22.30781651	0.049839959	0.005249964	0.010564702	0.001384701	0.003220701	0.001191437	0.000676421	0.000856509
16.84182681	0.025426153	0.011639878	0.008197807	0.000934277	0.00432038	0.001356574	0.001570721	0.001809297
15.55530493	0.009161169	0.016508129	0.005102536	0.001024893	0.00296715	0.001426541	0.001867621	0.000928328
14.14334337	0.001495113	0.018537238	0.003342753	0.001831151	0.001235993	0.001976995	0.001334059	0.001445645
11.42563322	0.005652857	0.025992661	0.001682699	0.002716915	0.001177488	0.002083628	0.00146356	0.002018838
11.2920208	0.014143181	0.017373573	0.001613174	0.004602599	0.001857451	0.002295715	0.000828984	0.001736267
8.903571044	0.031748279	0.011465851	0.003015185	0.00099083	0.002132173	0.000839183	0.00094965	0.000458345
8.620274064	0.049501549	0.01534724	0.003714706	0.001158398	0.001633486	0.000776133	0.001737702	0.001521394
6.623398811	0.069704376	0.003677101	0.007966548	0.001382631	0.002593266	0.001305988	0.001329596	0.001382631
6.12375132	0.095682075	0.003432722	0.008802883	0.001010696	0.002898954	0.000985724	0.000951406	0.001135481
4.392297881	0.116070638	0.002136629	0.008706275	0.001533069	0.001392627	0.001294377	0.000801942	0.001076114
3.89978709	0.119333035	0.001422072	0.005259491	0.001398197	0.001139979	0.001834128	0.000916949	0.000827106
2.698448158	0.142001287	0.004105946	0.004747935	0.001702485	0.00171966	0.000922308	0.001255892	0.000645961
2.019012646	0.117438136	0.005653567	0.001887038	0.000791869	0.001420319	0.000704247	0.00044059	0.000605699
1.40464076	0.125707147	0.009862381	0.00224433	0.000506132	0.002198425	0.00051399	0.000517801	0.000517801
0.921650331	0.112691059	0.007456632	0.002814403	0.000527687	0.002376856	0.000422907	0.000551169	0.000606457
0.557651917	0.089756877	0.011908783	0.003634443	0.000814287	0.000852068	0.000705733	0.001144738	0.000437997
0.296702619	0.063145261	0.008162244	0.006335703	0.000916203	0.001082094	0.000605276	0.000991371	0.000897249
0.116844707	0.042315817	0.004966065	0.007701972	0.001464298	0.001256233	0.000774546	0.000626424	0.000736071
0.059467142	0.021417554	0.002185153	0.006040408	0.001501508	0.001423341	0.000443988	0.000694705	0.000551599
0.083827192	0.013339383	0.001389893	0.005006432	0.001541626	0.002184995	0.000583095	0.000900008	0.000758664
0.182696712	0.008834566	0.002304308	0.00301122	0.000443395	0.001671191	0.000613283	0.000726131	0.000687695
0.331410782	0.012829752	0.002980199	0.00146387	0.000705741	0.000427245	0.00069212	0.000204521	0.000798501
0.528930439	0.022809565	0.004951066	0.0038708	0.000987002	0.000929821	0.000485075	0.000710715	0.000751044
0.763239631	0.032661221	0.008226064	0.004560723	0.002211307	0.000860855	0.000751752	0.00067339	0.000718117
0.867648503	0.049744162	0.008403126	0.005397421	0.001338076	0.001227583	0.00064542	0.000500828	0.00081715
1.10083751	0.066567039	0.006899915	0.005477493	0.000580437	0.001052009	0.000764894	0.000561484	0.000880639
1.374857317	0.06828256	0.005840324	0.002741604	0.00081141	0.000473954	0.000482549	0.000523896	0.000457098
1.362281727	0.072955873	0.00228989	0.001602199	0.001616199	0.001127774	0.000689875	0.000848455	0.000747402
1.440899836	0.062962145	0.002619781	0.00236022	0.001772537	0.00064329	0.000862114	0.000660123	0.00089432
1.437069653	0.039829568	0.002977054	0.003028146	0.002052069	0.000631655	0.000523947	0.000725323	0.000734221
1.219417509	0.02670568	0.005755456	0.003780069	0.000531295	0.000417246	0.000637959	0.00062331	0.000571868
1.074376962	0.015770667	0.008078222	0.002663142	0.0014126	0.000629442	0.000686978	0.000845201	0.000760336
0.921216066	0.010325042	0.007304917	0.001511946	0.001595628	0.000560146	0.000838335	0.000685294	0.00085379
0.640283466	0.013859299	0.004253709	0.001274313	0.001405447	0.000699088	0.000738178	0.000548645	0.000635197
0.43554655	0.025281934	0.002594156	0.002766463	0.000799052	0.00071264	0.000625711	0.000482726	0.000520786
0.268076799	0.036122519	0.002946787	0.001735363	0.001194883	0.000643684	0.000732679	0.000976363	0.000635766
0.111650659	0.040381903	0.004521698	0.001163182	0.00088782	0.000685294	0.000710717	0.000671833	0.000590241
0.055724668	0.034182211	0.006868475	0.001180009	0.000816878	0.000947511	0.000860769	0.000592637	0.00049799
0.057987994	0.024966039	0.004143183	0.002310242	0.000746713	0.000744206	0.000814647	0.000488391	0.000802399
0.132324305	0.012613844	0.003554255	0.001112099	0.000938667	0.00089933	0.000695983	0.000661785	0.000701544
0.249422345	0.008770212	0.002714274	0.000505379	0.000673208	0.000943537	0.000557353	0.000417173	0.000550675
0.354815671	0.013527314	0.003981201	0.00134926	0.001176061	0.000858436	0.000505237	0.000562479	0.000611247
