0.052021015	0.073593202	0.10481539	0.117030079	0.15721026	0.165604466	0.209007717	0.215392663	0.261606166	0.266734998	0.313605143	0.317896145	0.367004395	0.370677757	0.419503845	0.422721243	0.471003425	0.47387129
0.051997755	0.074231512	0.104803847	0.117432522	0.157202565	0.165889111	0.209001929	0.215611589	0.261601541	0.266911815	0.313601286	0.318044521	0.367001099	0.370805012	0.419500961	0.422832836	0.471000856	0.47397084
0.051997755	0.073593202	0.104803847	0.117030079	0.157202565	0.165604466	0.209001929	0.215392663	0.261601541	0.266734998	0.313601286	0.317896145	0.367001099	0.370677757	0.419500961	0.422721243	0.471000856	0.47387129
0.051997755	0.073593202	0.104803847	0.117030079	0.157202565	0.165604466	0.209001929	0.215392663	0.261601541	0.266734998	0.313601286	0.317896145	0.367001099	0.370677757	0.419500961	0.422721243	0.471000856	0.47387129
0.051997755	0.073593202	0.104803847	0.117030079	0.157202565	0.165604466	0.209001929	0.215392663	0.261601541	0.266734998	0.313601286	0.317896145	0.367001099	0.370677757	0.419500961	0.422721243	0.471000856	0.47387129
0.051997755	0.073593202	0.104803847	0.117030079	0.157202565	0.165604466	0.209001929	0.215392663	0.261601541	0.266734998	0.313601286	0.317896145	0.367001099	0.370677757	0.419500961	0.422721243	0.471000856	0.47387129
0.051997755	0.073593202	0.104803847	0.117030079	0.157202565	0.165604466	0.209001929	0.215392663	0.261601541	0.266734998	0.313601286	0.317896145	0.367001099	0.370677757	0.419500961	0.422721243	0.471000856	0.47387129
0.051997755	0.073593202	0.104803847	0.117030079	0.157202565	0.165604466	0.209001929	0.215392663	0.261601541	0.266734998	0.313601286	0.317896145	0.367001099	0.370677757	0.419500961	0.422721243	0.471000856	0.47387129
0.051997755	0.073593202	0.104803847	0.117030079	0.157202565	0.165604466	0.209001929	0.215392663	0.261601541	0.266734998	0.313601286	0.317896145	0.367001099	0.370677757	0.419500961	0.422721243	0.471000856	0.47387129
0.051997755	0.073593202	0.104803847	0.117030079	0.157202565	0.165604466	0.209001929	0.215392663	0.261601541	0.266734998	0.313601286	0.317896145	0.367001099	0.370677757	0.419500961	0.422721243	0.471000856	0.47387129
0.051997755	0.073593202	0.104803847	0.117030079	0.157202565	0.165604466	0.209001929	0.215392663	0.261601541	0.266734998	0.313601286	0.317896145	0.367001099	0.370677757	0.419500961	0.422721243	0.471000856	0.47387129
0.051997755	0.073593202	0.104803847	0.117030079	0.157202565	0.165604466	0.209001929	0.215392663	0.261601541	0.266734998	0.313601286	0.317896145	0.367001099	0.370677757	0.419500961	0.422721243	0.471000856	0.47387129
0.051997755	0.073593202	0.104803847	0.117030079	0.157202565	0.165604466	0.209001929	0.215392663	0.261601541	0.266734998	0.313601286	0.317896145	0.367001099	0.370677757	0.419500961	0.422721243	0.471000856	0.47387129
0.051997755	0.073593202	0.104803847	0.117030079	0.157202565	0.165604466	0.209001929	0.215392663	0.261601541	0.266734998	0.313601286	0.317896145	0.367001099	0.370677757	0.419500961	0.422721243	0.471000856	0.47387129
0.051997755	0.073593202	0.104803847	0.117030079	0.157202565	0.165604466	0.209001929	0.215392663	0.261601541	0.266734998	0.313601286	0.317896145	0.367001099	0.370677757	0.419500961	0.422721243	0.471000856	0.47387129
0.051997755	0.073593202	0.104803847	0.117030079	0.157202565	0.165604466	0.209001929	0.215392663	0.261601541	0.266734998	0.313601286	0.317896145	0.367001099	0.370677757	0.419500961	0.422721243	0.471000856	0.47387129
0.051997755	0.073593202	0.104803847	0.117030079	0.157202565	0.165604466	0.209001929	0.215392663	0.261601541	0.266734998	0.313601286	0.317896145	0.367001099	0.370677757	0.419500961	0.422721243	0.471000856	0.47387129
0.051997755	0.073593202	0.104803847	0.117030079	0.157202565	0.165604466	0.209001929	0.215392663	0.261601541	0.266734998	0.313601286	0.317896145	0.367001099	0.370677757	0.419500961	0.422721243	0.471000856	0.47387129
0.051997755	0.073593202	0.104803847	0.117030079	0.157202565	0.165604466	0.209001929	0.215392663	0.261601541	0.266734998	0.313601286	0.317896145	0.367001099	0.370677757	0.419500961	0.422721243	0.471000856	0.47387129
0.051997755	0.073593202	0.104803847	0.117030079	0.157202565	0.165604466	0.209001929	0.215392663	0.261601541	0.266734998	0.313601286	0.317896145	0.367001099	0.370677757	0.419500961	0.422721243	0.471000856	0.47387129
0.051997755	0.073593202	0.104803847	0.117030079	0.157202565	0.165604466	0.209001929	0.215392663	0.261601541	0.266734998	0.313601286	0.317896145	0.367001099	0.370677757	0.419500961	0.422721243	0.471000856	0.47387129
0.051997755	0.073593202	0.104803847	0.117030079	0.157202565	0.165604466	0.209001929	0.215392663	0.261601541	0.266734998	0.313601286	0.317896145	0.367001099	0.370677757	0.419500961	0.422721243	0.471000856	0.47387129
0.051997755	0.073593202	0.104803847	0.117030079	0.157202565	0.165604466	0.209001929	0.215392663	0.261601541	0.266734998	0.313601286	0.317896145	0.367001099	0.370677757	0.419500961	0.422721243	0.471000856	0.47387129
0.051997755	0.073593202	0.104803847	0.117030079	0.157202565	0.165604466	0.209001929	0.215392663	0.261601541	0.266734998	0.313601286	0.317896145	0.367001099	0.370677757	0.419500961	0.422721243	0.471000856	0.47387129
0.051997755	0.073593202	0.104803847	0.117030079	0.157202565	0.165604466	0.209001929	0.215392663	0.261601541	0.266734998	0.313601286	0.317896145	0.367001099	0.370677757	0.419500961	0.422721243	0.471000856	0.47387129
0.051997755	0.073593202	0.104803847	0.117030079	0.157202565	0.165604466	0.209001929	0.215392663	0.261601541	0.266734998	0.313601286	0.317896145	0.367001099	0.370677757	0.419500961	0.422721243	0.471000856	0.47387129
0.051997755	0.073593202	0.104803847	0.117030079	0.157202565	0.165604466	0.209001929	0.215392663	0.261601541	0.266734998	0.313601286	0.317896145	0.367001099	0.370677757	0.419500961	0.422721243	0.471000856	0.47387129
0.051997755	0.073593202	0.104803847	0.117030079	0.157202565	0.165604466	0.209001929	0.215392663	0.261601541	0.266734998	0.313601286	0.317896145	0.367001099	0.370677757	0.419500961	0.422721243	0.471000856	0.47387129
0.051997755	0.073593202	0.104803847	0.117030079	0.157202565	0.165604466	0.209001929	0.215392663	0.261601541	0.266734998	0.313601286	0.317896145	0.367001099	0.370677757	0.419500961	0.422721243	0.471000856	0.47387129
0.051997755	0.073593202	0.104803847	0.117030079	0.157202565	0.165604466	0.209001929	0.215392663	0.261601541	0.266734998	0.313601286	0.317896145	0.367001099	0.370677757	0.419500961	0.422721243	0.471000856	0.47387129
0.051997755	0.073593202	0.104803847	0.117030079	0.157202565	0.165604466	0.209001929	0.215392663	0.261601541	0.266734998	0.313601286	0.317896145	0.367001099	0.370677757	0.419500961	0.422721243	0.471000856	0.47387129
0.051997755	0.073593202	0.104803847	0.117030079	0.157202565	0.165604466	0.209001929	0.215392663	0.261601541	0.266734998	0.313601286	0.317896145	0.367001099	0.370677757	0.419500961	0.422721243	0.471000856	0.47387129
0.051997755	0.073593202	0.104803847	0.117030079	0.157202565	0.165604466	0.209001929	0.215392663	0.261601541	0.266734998	0.313601286	0.317896145	0.367001099	0.370677757	0.419500961	0.422721243	0.471000856	0.47387129
0.051997755	0.073593202	0.104803847	0.117030079	0.157202565	0.165604466	0.209001929	0.215392663	0.261601541	0.266734998	0.313601286	0.317896145	0.367001099	0.370677757	0.419500961	0.422721243	0.471000856	0.47387129
0.051997755	0.073593202	0.104803847	0.117030079	0.157202565	0.165604466	0.209001929	0.215392663	0.261601541	0.266734998	0.313601286	0.317896145	0.367001099	0.370677757	0.419500961	0.422721243	0.471000856	0.47387129
0.051997755	0.073593202	0.104803847	0.117030079	0.157202565	0.165604466	0.209001929	0.215392663	0.261601541	0.266734998	0.313601286	0.317896145	0.367001099	0.370677757	0.419500961	0.422721243	0.471000856	0.47387129
0.051997755	0.073593202	0.104803847	0.117030079	0.157202565	0.165604466	0.209001929	0.215392663	0.261601541	0.266734998	0.313601286	0.317896145	0.367001099	0.370677757	0.419500961	0.422721243	0.471000856	0.47387129
0.051997755	0.073593202	0.104803847	0.117030079	0.157202565	0.165604466	0.209001929	0.215392663	0.261601541	0.266734998	0.313601286	0.317896145	0.367001099	0.370677757	0.419500961	0.422721243	0.471000856	0.47387129
0.051997755	0.073593202	0.104803847	0.117030079	0.157202565	0.165604466	0.209001929	0.215392663	0.261601541	0.266734998	0.313601286	0.317896145	0.367001099	0.370677757	0.419500961	0.422721243	0.471000856	0.47387129
0.051997755	0.073593202	0.104803847	0.117030079	0.157202565	0.165604466	0.209001929	0.215392663	0.261601541	0.266734998	0.313601286	0.317896145	0.367001099	0.370677757	0.419500961	0.422721243	0.471000856	0.47387129
0.051997755	0.073593202	0.104803847	0.117030079	0.157202565	0.165604466	0.209001929	0.215392663	0.261601541	0.266734998	0.313601286	0.317896145	0.367001099	0.370677757	0.419500961	0.422721243	0.471000856	0.47387129
0.051997755	0.073593202	0.104803847	0.117030079	0.157202565	0.165604466	0.209001929	0.215392663	0.261601541	0.266734998	0.313601286	0.317896145	0.367001099	0.370677757	0.419500961	0.422721243	0.471000856	0.47387129
0.051997755	0.073593202	0.104803847	0.117030079	0.157202565	0.165604466	0.209001929	0.215392663	0.261601541	0.266734998	0.313601286	0.317896145	0.367001099	0.370677757	0.419500961	0.422721243	0.471000856	0.47387129
0.051997755	0.073593202	0.104803847	0.117030079	0.157202565	0.165604466	0.209001929	0.215392663	0.261601541	0.266734998	0.313601286	0.317896145	0.367001099	0.370677757	0.419500961	0.422721243	0.471000856	0.47387129
0.051997755	0.073593202	0.104803847	0.117030079	0.157202565	0.165604466	0.209001929	0.215392663	0.261601541	0.266734998	0.313601286	0.317896145	0.367001099	0.370677757	0.419500961	0.422721243	0.471000856	0.47387129
0.051997755	0.073593202	0.104803847	0.117030079	0.157202565	0.165604466	0.209001929	0.215392663	0.261601541	0.266734998	0.313601286	0.317896145	0.367001099	0.370677757	0.419500961	0.422721243	0.471000856	0.47387129
0.051997755	0.073593202	0.104803847	0.117030079	0.157202565	0.165604466	0.209001929	0.215392663	0.261601541	0.266734998	0.313601286	0.317896145	0.367001099	0.370677757	0.419500961	0.422721243	0.471000856	0.47387129
0.051997755	0.073593202	0.104803847	0.117030079	0.157202565	0.165604466	0.209001929	0.215392663	0.261601541	0.266734998	0.313601286	0.317896145	0.367001099	0.370677757	0.419500961	0.422721243	0.471000856	0.47387129
0.051997755	0.073593202	0.104803847	0.117030079	0.157202565	0.165604466	0.209001929	0.215392663	0.261601541	0.266734998	0.313601286	0.317896145	0.367001099	0.370677757	0.419500961	0.422721243	0.471000856	0.47387129
0.051997755	0.073593202	0.104803847	0.117030079	0.157202565	0.165604466	0.209001929	0.215392663	0.261601541	0.266734998	0.313601286	0.317896145	0.367001099	0.370677757	0.419500961	0.422721243	0.471000856	0.47387129
0.051997755	0.073593202	0.104803847	0.117030079	0.157202565	0.165604466	0.209001929	0.215392663	0.261601541	0.266734998	0.313601286	0.317896145	0.367001099	0.370677757	0.419500961	0.422721243	0.471000856	0.47387129
0.051997755	0.073593202	0.104803847	0.117030079	0.157202565	0.165604466	0.209001929	0.215392663	0.261601541	0.266734998	0.313601286	0.317896145	0.367001099	0.370677757	0.419500961	0.422721243	0.471000856	0.47387129
0.051997755	0.073593202	0.104803847	0.117030079	0.157202565	0.165604466	0.209001929	0.215392663	0.261601541	0.266734998	0.313601286	0.317896145	0.367001099	0.370677757	0.419500961	0.422721243	0.471000856	0.47387129
0.051997755	0.073593202	0.104803847	0.117030079	0.157202565	0.165604466	0.209001929	0.215392663	0.261601541	0.266734998	0.313601286	0.317896145	0.367001099	0.370677757	0.419500961	0.422721243	0.471000856	0.47387129
0.051997755	0.073593202	0.104803847	0.117030079	0.157202565	0.165604466	0.209001929	0.215392663	0.261601541	0.266734998	0.313601286	0.317896145	0.367001099	0.370677757	0.419500961	0.422721243	0.471000856	0.47387129
0.051997755	0.073593202	0.104803847	0.117030079	0.157202565	0.165604466	0.209001929	0.215392663	0.261601541	0.266734998	0.313601286	0.317896145	0.367001099	0.370677757	0.419500961	0.422721243	0.471000856	0.47387129
0.05199	0.073593202	0.1048	0.117030079	0.1572	0.165604466	0.209	0.215392663	0.2616	0.266734998	0.3136	0.317896145	0.367	0.370677757	0.4195	0.422721243	0.471	0.47387129
0.051997755	0.073593202	0.104803847	0.117030079	0.157202565	0.165604466	0.209001929	0.215392663	0.261601541	0.266734998	0.313601286	0.317896145	0.367001099	0.370677757	0.419500961	0.422721243	0.471000856	0.47387129
0.051991939	0.073593202	0.104800962	0.117030079	0.157200641	0.165604466	0.209000482	0.215392663	0.261600385	0.266734998	0.313600321	0.317896145	0.367000275	0.370677757	0.41950024	0.422721243	0.471000214	0.47387129
0.05199	0.073593202	0.1048	0.117030079	0.1572	0.165604466	0.209	0.215392663	0.2616	0.266734998	0.3136	0.317896145	0.367	0.370677757	0.4195	0.422721243	0.471	0.47387129
0.051997755	0.073593202	0.104803847	0.117030079	0.157202565	0.165604466	0.209001929	0.215392663	0.261601541	0.266734998	0.313601286	0.317896145	0.367001099	0.370677757	0.419500961	0.422721243	0.471000856	0.47387129
0.051997755	0.073593202	0.104803847	0.117030079	0.157202565	0.165604466	0.209001929	0.215392663	0.261601541	0.266734998	0.313601286	0.317896145	0.367001099	0.370677757	0.419500961	0.422721243	0.471000856	0.47387129
0.051997755	0.073593202	0.104803847	0.117030079	0.157202565	0.165604466	0.209001929	0.215392663	0.261601541	0.266734998	0.313601286	0.317896145	0.367001099	0.370677757	0.419500961	0.422721243	0.471000856	0.47387129
0.051997755	0.073593202	0.104803847	0.117030079	0.157202565	0.165604466	0.209001929	0.215392663	0.261601541	0.266734998	0.313601286	0.317896145	0.367001099	0.370677757	0.419500961	0.422721243	0.471000856	0.47387129
0.051997755	0.073593202	0.104803847	0.117030079	0.157202565	0.165604466	0.209001929	0.215392663	0.261601541	0.266734998	0.313601286	0.317896145	0.367001099	0.370677757	0.419500961	0.422721243	0.471000856	0.47387129
0.051997755	0.073593202	0.104803847	0.117030079	0.157202565	0.165604466	0.209001929	0.215392663	0.261601541	0.266734998	0.313601286	0.317896145	0.367001099	0.370677757	0.419500961	0.422721243	0.471000856	0.47387129
0.051997755	0.073593202	0.104803847	0.117030079	0.157202565	0.165604466	0.209001929	0.215392663	0.261601541	0.266734998	0.313601286	0.317896145	0.367001099	0.370677757	0.419500961	0.422721243	0.471000856	0.47387129
0.051997755	0.073593202	0.104803847	0.117030079	0.157202565	0.165604466	0.209001929	0.215392663	0.261601541	0.266734998	0.313601286	0.317896145	0.367001099	0.370677757	0.419500961	0.422721243	0.471000856	0.47387129
0.05199	0.073593202	0.1048	0.117030079	0.1572	0.165604466	0.209	0.215392663	0.2616	0.266734998	0.3136	0.317896145	0.367	0.370677757	0.4195	0.422721243	0.471	0.47387129
0.051997755	0.073593202	0.104803847	0.117030079	0.157202565	0.165604466	0.209001929	0.215392663	0.261601541	0.266734998	0.313601286	0.317896145	0.367001099	0.370677757	0.419500961	0.422721243	0.471000856	0.47387129
0.051997755	0.073593202	0.104803847	0.117030079	0.157202565	0.165604466	0.209001929	0.215392663	0.261601541	0.266734998	0.313601286	0.317896145	0.367001099	0.370677757	0.419500961	0.422721243	0.471000856	0.47387129
0.05199	0.073593202	0.1048	0.117030079	0.1572	0.165604466	0.209	0.215392663	0.2616	0.266734998	0.3136	0.317896145	0.367	0.370677757	0.4195	0.422721243	0.471	0.47387129
0.051997755	0.073593202	0.104803847	0.117030079	0.157202565	0.165604466	0.209001929	0.215392663	0.261601541	0.266734998	0.313601286	0.317896145	0.367001099	0.370677757	0.419500961	0.422721243	0.471000856	0.47387129
0.051997755	0.073593202	0.104803847	0.117030079	0.157202565	0.165604466	0.209001929	0.215392663	0.261601541	0.266734998	0.313601286	0.317896145	0.367001099	0.370677757	0.419500961	0.422721243	0.471000856	0.47387129
0.05199	0.073593202	0.1048	0.117030079	0.1572	0.165604466	0.209	0.215392663	0.2616	0.266734998	0.3136	0.317896145	0.367	0.370677757	0.4195	0.422721243	0.471	0.47387129
0.051997755	0.073593202	0.104803847	0.117030079	0.157202565	0.165604466	0.209001929	0.215392663	0.261601541	0.266734998	0.313601286	0.317896145	0.367001099	0.370677757	0.419500961	0.422721243	0.471000856	0.47387129
0.05199	0.073593202	0.1048	0.117030079	0.1572	0.165604466	0.209	0.215392663	0.2616	0.266734998	0.3136	0.317896145	0.367	0.370677757	0.4195	0.422721243	0.471	0.47387129
0.05199	0.073593202	0.1048	0.117030079	0.1572	0.165604466	0.209	0.215392663	0.2616	0.266734998	0.3136	0.317896145	0.367	0.370677757	0.4195	0.422721243	0.471	0.47387129
0.051997755	0.073593202	0.104803847	0.117030079	0.157202565	0.165604466	0.209001929	0.215392663	0.261601541	0.266734998	0.313601286	0.317896145	0.367001099	0.370677757	0.419500961	0.422721243	0.471000856	0.47387129
0.051997755	0.073593202	0.104803847	0.117030079	0.157202565	0.165604466	0.209001929	0.215392663	0.261601541	0.266734998	0.313601286	0.317896145	0.367001099	0.370677757	0.419500961	0.422721243	0.471000856	0.47387129
0.051997755	0.073593202	0.104803847	0.117030079	0.157202565	0.165604466	0.209001929	0.215392663	0.261601541	0.266734998	0.313601286	0.317896145	0.367001099	0.370677757	0.419500961	0.422721243	0.471000856	0.47387129
0.051997755	0.073593202	0.104803847	0.117030079	0.157202565	0.165604466	0.209001929	0.215392663	0.261601541	0.266734998	0.313601286	0.317896145	0.367001099	0.370677757	0.419500961	0.422721243	0.471000856	0.47387129
0.051997755	0.073593202	0.104803847	0.117030079	0.157202565	0.165604466	0.209001929	0.215392663	0.261601541	0.266734998	0.313601286	0.317896145	0.367001099	0.370677757	0.419500961	0.422721243	0.471000856	0.47387129
0.05199	0.074231512	0.1048	0.117432522	0.1572	0.165889111	0.209	0.215611589	0.2616	0.266911815	0.3136	0.318044521	0.367	0.370805012	0.4195	0.422832836	0.471	0.47397084
0.05199	0.073593202	0.1048	0.117030079	0.1572	0.165604466	0.209	0.215392663	0.2616	0.266734998	0.3136	0.317896145	0.367	0.370677757	0.4195	0.422721243	0.471	0.47387129
0.05199	0.073593202	0.1048	0.117030079	0.1572	0.165604466	0.209	0.215392663	0.2616	0.266734998	0.3136	0.317896145	0.367	0.370677757	0.4195	0.422721243	0.471	0.47387129
0.05199	0.073593202	0.1048	0.117030079	0.1572	0.165604466	0.209	0.215392663	0.2616	0.266734998	0.3136	0.317896145	0.367	0.370677757	0.4195	0.422721243	0.471	0.47387129
0.05199	0.073593202	0.1048	0.117030079	0.1572	0.165604466	0.209	0.215392663	0.2616	0.266734998	0.3136	0.317896145	0.367	0.370677757	0.4195	0.422721243	0.471	0.47387129
0.05199	0.073593202	0.1048	0.117030079	0.1572	0.165604466	0.209	0.215392663	0.2616	0.266734998	0.3136	0.317896145	0.367	0.370677757	0.4195	0.422721243	0.471	0.47387129
0.05199	0.073593202	0.1048	0.117030079	0.1572	0.165604466	0.209	0.215392663	0.2616	0.266734998	0.3136	0.317896145	0.367	0.370677757	0.4195	0.422721243	0.471	0.47387129
0.05199	0.073593202	0.1048	0.117030079	0.1572	0.165604466	0.209	0.215392663	0.2616	0.266734998	0.3136	0.317896145	0.367	0.370677757	0.4195	0.422721243	0.471	0.47387129
0.05199	0.073593202	0.1048	0.117030079	0.1572	0.165604466	0.209	0.215392663	0.2616	0.266734998	0.3136	0.317896145	0.367	0.370677757	0.4195	0.422721243	0.471	0.47387129
0.05199	0.073593202	0.1048	0.117030079	0.1572	0.165604466	0.209	0.215392663	0.2616	0.266734998	0.3136	0.317896145	0.367	0.370677757	0.4195	0.422721243	0.471	0.47387129
0.05199	0.073593202	0.1048	0.117030079	0.1572	0.165604466	0.209	0.215392663	0.2616	0.266734998	0.3136	0.317896145	0.367	0.370677757	0.4195	0.422721243	0.471	0.47387129
0.05199	0.073593202	0.1048	0.117030079	0.1572	0.165604466	0.209	0.215392663	0.2616	0.266734998	0.3136	0.317896145	0.367	0.370677757	0.4195	0.422721243	0.471	0.47387129
0.05199	0.073593202	0.1048	0.117030079	0.1572	0.165604466	0.209	0.215392663	0.2616	0.266734998	0.3136	0.317896145	0.367	0.370677757	0.4195	0.422721243	0.471	0.47387129
0.05199	0.073593202	0.1048	0.117030079	0.1572	0.165604466	0.209	0.215392663	0.2616	0.266734998	0.3136	0.317896145	0.367	0.370677757	0.4195	0.422721243	0.471	0.47387129
0.05199	0.073593202	0.1048	0.117030079	0.1572	0.165604466	0.209	0.215392663	0.2616	0.266734998	0.3136	0.317896145	0.367	0.370677757	0.4195	0.422721243	0.471	0.47387129
0.05199	0.073593202	0.1048	0.117030079	0.1572	0.165604466	0.209	0.215392663	0.2616	0.266734998	0.3136	0.317896145	0.367	0.370677757	0.4195	0.422721243	0.471	0.47387129
0.05199	0.073593202	0.1048	0.117030079	0.1572	0.165604466	0.209	0.215392663	0.2616	0.266734998	0.3136	0.317896145	0.367	0.370677757	0.4195	0.422721243	0.471	0.47387129
0.051997755	0.073593202	0.104803847	0.117030079	0.157202565	0.165604466	0.209001929	0.215392663	0.261601541	0.266734998	0.313601286	0.317896145	0.367001099	0.370677757	0.419500961	0.422721243	0.471000856	0.47387129
0.05199	0.074875151	0.1048	0.117840435	0.1572	0.166178122	0.209	0.215834029	0.2616	0.267091535	0.3136	0.318195362	0.367	0.370934399	0.4195	0.422946306	0.471	0.474072071
0.05199	0.073593202	0.1048	0.117030079	0.1572	0.165604466	0.209	0.215392663	0.2616	0.266734998	0.3136	0.317896145	0.367	0.370677757	0.4195	0.422721243	0.471	0.47387129
0.05199	0.073593202	0.1048	0.117030079	0.1572	0.165604466	0.209	0.215392663	0.2616	0.266734998	0.3136	0.317896145	0.367	0.370677757	0.4195	0.422721243	0.471	0.47387129
0.05199	0.073593202	0.1048	0.117030079	0.1572	0.165604466	0.209	0.215392663	0.2616	0.266734998	0.3136	0.317896145	0.367	0.370677757	0.4195	0.422721243	0.471	0.47387129
0.05199	0.073593202	0.1048	0.117030079	0.1572	0.165604466	0.209	0.215392663	0.2616	0.266734998	0.3136	0.317896145	0.367	0.370677757	0.4195	0.422721243	0.471	0.47387129
0.05199	0.073593202	0.1048	0.117030079	0.1572	0.165604466	0.209	0.215392663	0.2616	0.266734998	0.3136	0.317896145	0.367	0.370677757	0.4195	0.422721243	0.471	0.47387129
0.05199	0.074231512	0.1048	0.117432522	0.1572	0.165889111	0.209	0.215611589	0.2616	0.266911815	0.3136	0.318044521	0.367	0.370805012	0.4195	0.422832836	0.471	0.47397084
0.05199	0.074231512	0.1048	0.117432522	0.1572	0.165889111	0.209	0.215611589	0.2616	0.266911815	0.3136	0.318044521	0.367	0.370805012	0.4195	0.422832836	0.471	0.47397084
0.05199	0.074231512	0.1048	0.117432522	0.1572	0.165889111	0.209	0.215611589	0.2616	0.266911815	0.3136	0.318044521	0.367	0.370805012	0.4195	0.422832836	0.471	0.47397084
0.05199	0.074231512	0.1048	0.117432522	0.1572	0.165889111	0.209	0.215611589	0.2616	0.266911815	0.3136	0.318044521	0.367	0.370805012	0.4195	0.422832836	0.471	0.47397084
0.05199	0.074231512	0.1048	0.117432522	0.1572	0.165889111	0.209	0.215611589	0.2616	0.266911815	0.3136	0.318044521	0.367	0.370805012	0.4195	0.422832836	0.471	0.47397084
0.05199	0.073593202	0.1048	0.117030079	0.1572	0.165604466	0.209	0.215392663	0.2616	0.266734998	0.3136	0.317896145	0.367	0.370677757	0.4195	0.422721243	0.471	0.47387129
0.05199	0.074231512	0.1048	0.117432522	0.1572	0.165889111	0.209	0.215611589	0.2616	0.266911815	0.3136	0.318044521	0.367	0.370805012	0.4195	0.422832836	0.471	0.47397084
0.05199	0.074231512	0.1048	0.117432522	0.1572	0.165889111	0.209	0.215611589	0.2616	0.266911815	0.3136	0.318044521	0.367	0.370805012	0.4195	0.422832836	0.471	0.47397084
0.05199	0.074231512	0.1048	0.117432522	0.1572	0.165889111	0.209	0.215611589	0.2616	0.266911815	0.3136	0.318044521	0.367	0.370805012	0.4195	0.422832836	0.471	0.47397084
0.05199	0.074231512	0.1048	0.117432522	0.1572	0.165889111	0.209	0.215611589	0.2616	0.266911815	0.3136	0.318044521	0.367	0.370805012	0.4195	0.422832836	0.471	0.47397084
0.05199	0.074231512	0.1048	0.117432522	0.1572	0.165889111	0.209	0.215611589	0.2616	0.266911815	0.3136	0.318044521	0.367	0.370805012	0.4195	0.422832836	0.471	0.47397084
0.05199	0.074231512	0.1048	0.117432522	0.1572	0.165889111	0.209	0.215611589	0.2616	0.266911815	0.3136	0.318044521	0.367	0.370805012	0.4195	0.422832836	0.471	0.47397084
0.05199	0.07552399	0.1048	0.118253765	0.1572	0.166471478	0.209	0.216059976	0.2616	0.267274153	0.3136	0.318348666	0.367	0.371065915	0.4195	0.423061654	0.471	0.474174981
0.05199	0.074231512	0.1048	0.117432522	0.1572	0.165889111	0.209	0.215611589	0.2616	0.266911815	0.3136	0.318044521	0.367	0.370805012	0.4195	0.422832836	0.471	0.47397084
