-0.09383152	-0.18876943	-0.2820768	-0.37453564	-0.46849048	-0.56081786	-0.65542009	-0.74800433	-0.83857048
-0.08979621	-0.18108291	-0.27114118	-0.3599706	-0.4498997	-0.53860396	-0.62956424	-0.71852398	-0.80548886
-0.0861842	-0.17384498	-0.26067537	-0.34590657	-0.43261318	-0.51772118	-0.60506798	-0.69081627	-0.77458948
-0.08298301	-0.16742778	-0.25067204	-0.33271531	-0.4158399	-0.49814277	-0.58228174	-0.66446267	-0.74506915
-0.08018273	-0.16105944	-0.2411263	-0.32000653	-0.40033035	-0.47909643	-0.5600505	-0.63944781	-0.71728679
-0.07702876	-0.15511635	-0.23240401	-0.30814811	-0.38532252	-0.4616953	-0.53949494	-0.61612205	-0.69121481
-0.07427151	-0.14922257	-0.22375148	-0.29712267	-0.37154083	-0.44480147	-0.520205	-0.59371896	-0.6657184
-0.07153659	-0.14374507	-0.21553738	-0.28654922	-0.35823343	-0.42913684	-0.50143416	-0.57222777	-0.64224819
-0.068826	-0.13903214	-0.20775263	-0.27642151	-0.34503652	-0.41359865	-0.48353437	-0.55198892	-0.61896669
-0.06649518	-0.13364586	-0.20074538	-0.26637981	-0.33302116	-0.39890763	-0.46650002	-0.53263151	-0.5973073
-0.06418273	-0.12936069	-0.19344239	-0.25712678	-0.32145519	-0.38503774	-0.44995809	-0.51378686	-0.57652339
-0.0618902	-0.12476183	-0.18655456	-0.24829648	-0.30998913	-0.37163419	-0.43459558	-0.4961379	-0.55626639
-0.05995776	-0.12020564	-0.18040457	-0.23954199	-0.29930567	-0.35868332	-0.41936038	-0.4789778	-0.53719918
-0.0577045	-0.11636146	-0.17430389	-0.23120167	-0.28938123	-0.34651607	-0.40493084	-0.46263315	-0.51896339
-0.05580375	-0.11221698	-0.16792886	-0.22326531	-0.27921216	-0.33445554	-0.39096006	-0.44676305	-0.50121354
-0.05359536	-0.10843565	-0.16258436	-0.2157211	-0.26945694	-0.322825	-0.37775275	-0.43134892	-0.48393724
-0.05204867	-0.10468668	-0.15664549	-0.20855945	-0.26042844	-0.31225236	-0.36466226	-0.41639515	-0.46745255
-0.05019667	-0.10097237	-0.15139203	-0.2011459	-0.25147742	-0.30114314	-0.35231516	-0.40220174	-0.45142497
-0.0483632	-0.09760069	-0.14618343	-0.19441711	-0.24291205	-0.29105869	-0.34007662	-0.38874363	-0.43584731
-0.04684959	-0.09425662	-0.14132041	-0.18744393	-0.23472105	-0.28105791	-0.32854662	-0.37509738	-0.42100755
-0.04505071	-0.09094213	-0.13620287	-0.18112892	-0.22659857	-0.2711466	-0.31741096	-0.36245927	-0.40629661
-0.04356194	-0.08794719	-0.13171419	-0.17486534	-0.21854925	-0.26190441	-0.3063667	-0.34992425	-0.39229518
-0.04208393	-0.08497353	-0.12725744	-0.16893818	-0.21114007	-0.25273885	-0.29542003	-0.3374993	-0.37841507
-0.04061746	-0.08174684	-0.12228511	-0.16278178	-0.20378858	-0.24393071	-0.2851309	-0.32573979	-0.36521188
-0.03916333	-0.07882671	-0.11818137	-0.15695619	-0.19649869	-0.23519662	-0.27492657	-0.31407912	-0.35239014
-0.03772232	-0.07593266	-0.11410427	-0.15144587	-0.18927429	-0.22680274	-0.26507607	-0.30278521	-0.33967229
-0.03629517	-0.07332322	-0.10979814	-0.14597828	-0.18237536	-0.21847765	-0.25556558	-0.291845	-0.3275752
-0.03513348	-0.07047945	-0.10578674	-0.14055617	-0.17578629	-0.21047871	-0.24613158	-0.28124488	-0.31532475
-0.0337298	-0.06791021	-0.10180831	-0.13518142	-0.16924775	-0.2027887	-0.23701991	-0.27072703	-0.30366956
-0.03234213	-0.06535974	-0.09786561	-0.13009618	-0.16276293	-0.19492058	-0.22798386	-0.26053625	-0.29211039
-0.03120219	-0.06282925	-0.0941884	-0.12504983	-0.15656452	-0.18758213	-0.21925167	-0.25042373	-0.28110076
-0.03006619	-0.06054391	-0.09053778	-0.12049375	-0.15041325	-0.18029787	-0.21058915	-0.24084477	-0.26995012
-0.02871719	-0.057833	-0.08691197	-0.11552087	-0.1445266	-0.1730638	-0.20242758	-0.23089124	-0.25931893
-0.0275974	-0.05557983	-0.08331654	-0.11059674	-0.13867954	-0.16588846	-0.19389918	-0.22145379	-0.24855546
-0.02648303	-0.05333742	-0.07975009	-0.1061267	-0.13287271	-0.15897717	-0.18585272	-0.2122879	-0.23828598
-0.02537457	-0.0511067	-0.07641096	-0.10168023	-0.12710925	-0.1521122	-0.1778615	-0.20318319	-0.22788599
-0.02427246	-0.0488886	-0.07309095	-0.09707052	-0.12139166	-0.14548927	-0.17011659	-0.19433111	-0.21794804
-0.02317717	-0.04650195	-0.06979163	-0.09268311	-0.11590307	-0.13890686	-0.16241814	-0.18535176	-0.20807048
-0.02208914	-0.04431898	-0.06651401	-0.08832551	-0.11062549	-0.1323686	-0.15477203	-0.1767929	-0.19825984
-0.02100881	-0.04231903	-0.06325944	-0.08416586	-0.10520511	-0.12604323	-0.14734615	-0.1682813	-0.18868455
-0.01993661	-0.04016037	-0.06018931	-0.07986437	-0.09998495	-0.11959289	-0.13996265	-0.15982026	-0.17932664
-0.01887298	-0.03817178	-0.05713011	-0.0757496	-0.09464118	-0.11349826	-0.13262473	-0.15141336	-0.1698666
-0.01796424	-0.03604064	-0.05393761	-0.07165594	-0.08963138	-0.10728303	-0.12533447	-0.1432072	-0.16075829
-0.01677306	-0.03392818	-0.05091109	-0.06758495	-0.08463876	-0.10124638	-0.11836869	-0.13504641	-0.15155528
-0.0158686	-0.03196592	-0.04789888	-0.06366882	-0.0795352	-0.09523855	-0.11129716	-0.12719295	-0.14253857
-0.01495932	-0.03000892	-0.04502501	-0.05964005	-0.07446737	-0.08938383	-0.10426758	-0.11911677	-0.13368976
-0.01381358	-0.02794219	-0.04203711	-0.05563785	-0.06966665	-0.08343253	-0.09739419	-0.11132209	-0.12476122
-0.01291064	-0.02611338	-0.03906668	-0.05177217	-0.0648754	-0.07751639	-0.09055257	-0.10355486	-0.11609916
-0.01200376	-0.0240757	-0.03611478	-0.04792114	-0.059895	-0.07183596	-0.08394218	-0.09581674	-0.10726416
-0.01109322	-0.02224685	-0.03318242	-0.04408607	-0.0551418	-0.06598131	-0.07715438	-0.08811096	-0.0986709
-0.01009391	-0.02024096	-0.03044033	-0.04035283	-0.05040247	-0.06033548	-0.0705715	-0.08043931	-0.09019183
-0.00910689	-0.01841454	-0.02753467	-0.03662268	-0.04567856	-0.05470231	-0.06384602	-0.07295647	-0.08173162
-0.00820251	-0.0165825	-0.02479034	-0.03282767	-0.04097162	-0.04908335	-0.0572995	-0.0653462	-0.07322507
-0.00729564	-0.01462152	-0.02191512	-0.02911503	-0.03640563	-0.04348058	-0.05076665	-0.05789868	-0.06487833
-0.00638654	-0.01279548	-0.01917207	-0.02540903	-0.03172161	-0.03789543	-0.04424921	-0.05046478	-0.05654305
-0.0054755	-0.01096555	-0.01637707	-0.02171086	-0.02705903	-0.03237515	-0.03774942	-0.04304595	-0.04822134
-0.00456281	-0.0091326	-0.01359287	-0.01802211	-0.02249532	-0.02686091	-0.03134447	-0.03564616	-0.03991646
-0.00361764	-0.00726544	-0.01085022	-0.01437281	-0.01789393	-0.02135347	-0.02486971	-0.02832374	-0.03162979
-0.00271035	-0.00541207	-0.00810452	-0.01069721	-0.0133034	-0.01585556	-0.01846261	-0.02095077	-0.02340762
-0.00180227	-0.00358787	-0.00535637	-0.007034	-0.00873863	-0.01038247	-0.01202235	-0.01362966	-0.01515167
-0.000893	-0.00176237	-0.00259944	-0.00339097	-0.00417102	-0.00490605	-0.00562146	-0.00630428	-0.00693301
1.55E-05	6.35E-05	0.000143	0.000253	0.000398	0.000572	0.000781	0.00102294	0.00128759
0.000925	0.00188944	0.0028861	0.00389695	0.00496632	0.00604935	0.00718331	0.00834984	0.00950776
0.00183355	0.00371476	0.00564447	0.00753969	0.00953341	0.01152512	0.01360096	0.0156742	0.01772505
0.00274174	0.00553895	0.00839245	0.01120471	0.01409759	0.01699738	0.02003014	0.02299379	0.02598885
0.00364909	0.00739331	0.01113788	0.01488198	0.01869016	0.02253034	0.02643564	0.03037338	0.03420848
0.00459475	0.00926106	0.01387992	0.01853013	0.02329267	0.02800612	0.03291517	0.03773366	0.04250085
0.00550741	0.01109412	0.01666547	0.02222064	0.0279037	0.03357056	0.03936692	0.04509807	0.05081151
0.00641839	0.01292427	0.01946186	0.02592022	0.03252201	0.03904388	0.04582293	0.05252158	0.05913817
0.00732741	0.01474955	0.02220429	0.02962725	0.03720965	0.04463299	0.05234444	0.05995988	0.06747825
0.0082342	0.01671237	0.02508168	0.03334047	0.04184513	0.05023873	0.05888035	0.06755518	0.07597247
0.00913857	0.0185447	0.0278256	0.03713868	0.04648384	0.05586174	0.06559042	0.07503272	0.08434619
0.01012593	0.02037004	0.03073315	0.04095577	0.05121032	0.0614968	0.07216553	0.08269263	0.09290017
0.01112569	0.02237765	0.03356837	0.04469702	0.05595222	0.06733476	0.07884543	0.09019865	0.10148815
0.01203615	0.02420684	0.03640927	0.04844043	0.06091281	0.07300851	0.08554754	0.09791403	0.11010632
0.01294284	0.02624531	0.03936265	0.0522932	0.06569526	0.0789105	0.09237942	0.1056604	0.11875179
0.01384576	0.02807449	0.04233566	0.05627867	0.07048882	0.08461418	0.09924449	0.11343583	0.1276596
0.0149923	0.03014283	0.04532544	0.06029193	0.07554107	0.09057282	0.10613957	0.12148889	0.1366191
0.01590142	0.03209921	0.04833082	0.0641991	0.08036482	0.09656375	0.11306224	0.12932807	0.14549333
0.01680569	0.03406182	0.05135212	0.06811719	0.08547469	0.10258552	0.12015134	0.13746989	0.15453953
0.01799776	0.0361762	0.05438838	0.07233948	0.0906186	0.10863722	0.12727967	0.14566039	0.16377904
0.01890629	0.03830817	0.05743657	0.07628909	0.09579369	0.1148675	0.13459637	0.15389421	0.17291258
0.01997026	0.04029827	0.06049745	0.0805689	0.10099848	0.12113756	0.14179857	0.16233154	0.18240889
0.02104276	0.04245688	0.06373691	0.08471271	0.10623046	0.12744339	0.14920039	0.17082234	0.1919671
0.02212339	0.0446343	0.06682884	0.08905774	0.11149587	0.13379088	0.15683156	0.17937564	0.20159851
0.0232117	0.04682419	0.07010528	0.09342076	0.11695459	0.1403395	0.16449633	0.18813516	0.21143862
0.02430726	0.04902984	0.07340701	0.09781884	0.12245641	0.14693771	0.17222024	0.19696364	0.22135763
0.02540961	0.05124894	0.07692663	0.10224391	0.12819009	0.15377526	0.17999144	0.20604498	0.23153647
0.02651832	0.05348061	0.08027447	0.10669414	0.13376398	0.16045899	0.18801204	0.2151905	0.24178578
0.0276329	0.0557239	0.08363973	0.11159146	0.13957902	0.16760239	0.19629964	0.22460829	0.25231341
0.02875291	0.0581961	0.08723951	0.11610021	0.1454345	0.17480533	0.20465185	0.23409617	0.26313662
0.03010264	0.06069175	0.09086863	0.12108293	0.15178227	0.1820696	0.21329564	0.24365631	0.27404986
0.03147034	0.06297771	0.09452209	0.12610343	0.15772168	0.18937679	0.22176822	0.25373116	0.28503022
0.03237889	0.06574837	0.09844035	0.13116941	0.16417484	0.19673865	0.23077795	0.26389637	0.29657139
0.03376723	0.06806195	0.10239503	0.13627512	0.17068421	0.20463911	0.2396169	0.2741404	0.30820793
0.03517156	0.07088433	0.1063842	0.1414181	0.17724661	0.21260851	0.24902006	0.28471161	0.31993419
0.03633335	0.07347899	0.11040588	0.14685453	0.18385884	0.22064288	0.25850301	0.29562437	0.33226443
0.03776109	0.07635422	0.11445808	0.15233598	0.19078292	0.22900377	0.26806098	0.30662643	0.34469839
0.03920269	0.07925689	0.11880979	0.15785969	0.19803442	0.23743414	0.27796128	0.31825699	0.35750237
0.04065737	0.08218546	0.12320035	0.16370036	0.20535059	0.24592963	0.28821762	0.32999041	0.37068853
0.04212436	0.08514024	0.12763521	0.16960329	0.21274642	0.25536111	0.29886963	0.34185067	0.38401758
0.04360287	0.08811402	0.13208862	0.17610439	0.22045123	0.2642591	0.30955997	0.35432225	0.39796208
0.04509211	0.09111082	0.13717234	0.18209387	0.22823962	0.27383547	0.3209551	0.36693166	0.41235589
0.04689198	0.09442816	0.14200755	0.18872544	0.23639017	0.28379576	0.3324533	0.3802473	0.42717498
0.048406	0.09808169	0.14688093	0.19572314	0.24491581	0.29384391	0.34404719	0.39398679	0.44273577
0.05024036	0.10114915	0.1524152	0.20247509	0.25382959	0.30460179	0.35667447	0.40784861	0.45843796
0.05209325	0.10486695	0.1576873	0.20991411	0.26282281	0.31514025	0.36941573	0.42245955	0.47491033
0.05364022	0.10861925	0.16299768	0.21742195	0.27189076	0.32640489	0.38226542	0.43752093	0.49152072
0.05584994	0.11273266	0.16900572	0.22499397	0.28168744	0.33809942	0.39620652	0.4530399	0.50925985
0.05775144	0.11655226	0.17506805	0.23296024	0.29190488	0.3502268	0.41027194	0.46936109	0.5274866
0.06000593	0.12107805	0.18152147	0.24133154	0.30255191	0.36279709	0.42513423	0.48650095	0.54654828
0.06228326	0.12496201	0.18768772	0.24977582	0.31328997	0.37616642	0.44047165	0.5037928	0.56646658
0.06423267	0.12956536	0.19459689	0.2589819	0.324814	0.38964889	0.45628643	0.5222719	0.5869052
0.06654618	0.13456243	0.20191959	0.26861864	0.33679095	0.40359097	0.47328668	0.54161467	0.60856655
0.06887799	0.13924609	0.20894655	0.27869968	0.34922722	0.41908478	0.49043881	0.56112207	0.63113573
0.07159007	0.1446903	0.21711504	0.28886789	0.36212851	0.43435214	0.50918127	0.58260764	0.65462539
0.07432648	0.14981408	0.22535528	0.29984572	0.37549755	0.45083512	0.52844528	0.60463284	0.67939552
0.07708492	0.15609137	0.23366141	0.31128752	0.3904637	0.4682036	0.54861544	0.62758811	0.70549432
0.08024064	0.16167189	0.24315965	0.32319823	0.4051795	0.48646598	0.57008063	0.65223654	0.73331672
0.08304203	0.16843236	0.25235549	0.33634052	0.42114899	0.50601306	0.59247066	0.67822056	0.76249872
0.08662993	0.17486387	0.2627757	0.34997743	0.43839807	0.52610709	0.61658335	0.70557474	0.79346501
