-0.09383152	-0.09382823	-0.18876943	-0.18876943	-0.2820768	-0.2820768	-0.37453564	-0.37453154	-0.46849048	-0.46849048	-0.56081786	-0.56081786	-0.65542009	-0.6554243	-0.74800433	-0.74800433	-0.83857048	-0.83857048
-0.08979621	-0.08979958	-0.18108291	-0.18108958	-0.27114118	-0.27115133	-0.3599706	-0.35999068	-0.4498997	-0.4499231	-0.53860396	-0.53862907	-0.62956424	-0.62959967	-0.71852398	-0.71856405	-0.80548886	-0.80553052
-0.0861842	-0.0861842	-0.17384498	-0.17384668	-0.26067537	-0.26067877	-0.34590657	-0.34591339	-0.43261318	-0.43262135	-0.51772118	-0.51773312	-0.60506798	-0.6050811	-0.69081627	-0.6908316	-0.77458948	-0.77460463
-0.08298301	-0.08298301	-0.16742778	-0.16742951	-0.25067204	-0.2506755	-0.33271531	-0.33272225	-0.4158399	-0.41584577	-0.49814277	-0.49814971	-0.58228174	-0.58229012	-0.66446267	-0.66447435	-0.74506915	-0.74508457
-0.08018273	-0.08018273	-0.16105944	-0.1610612	-0.2411263	-0.2411263	-0.32000653	-0.32000918	-0.40033035	-0.40033247	-0.47909643	-0.47909937	-0.5600505	-0.56005301	-0.63944781	-0.63945089	-0.71728679	-0.71728953
-0.07702876	-0.07702876	-0.15511635	-0.15511814	-0.23240401	-0.23240401	-0.30814811	-0.3081508	-0.38532252	-0.38532252	-0.4616953	-0.46169828	-0.53949494	-0.53949494	-0.61612205	-0.61612518	-0.69121481	-0.69121481
-0.07427151	-0.07427151	-0.14922257	-0.14922438	-0.22375148	-0.22375148	-0.29712267	-0.29712539	-0.37154083	-0.37154083	-0.44480147	-0.44480147	-0.520205	-0.520205	-0.59371896	-0.59371896	-0.6657184	-0.6657184
-0.07153659	-0.07153659	-0.14374507	-0.1437469	-0.21553738	-0.21553738	-0.28654922	-0.28655197	-0.35823343	-0.35823343	-0.42913684	-0.42913989	-0.50143416	-0.50143415	-0.57222777	-0.57223097	-0.64224819	-0.64224819
-0.068826	-0.068826	-0.13903214	-0.13903399	-0.20775263	-0.20775386	-0.27642151	-0.27642428	-0.34503652	-0.34504245	-0.41359865	-0.41360359	-0.48353437	-0.48354228	-0.55198892	-0.55199585	-0.61896669	-0.61897533
-0.06649518	-0.06649518	-0.13364586	-0.13364773	-0.20074538	-0.20074894	-0.26637981	-0.26638262	-0.33302116	-0.33302714	-0.39890763	-0.39891511	-0.46650002	-0.46650658	-0.53263151	-0.53264129	-0.5973073	-0.5973185
-0.06418273	-0.06418273	-0.12936069	-0.12936257	-0.19344239	-0.19344365	-0.25712678	-0.2571296	-0.32145519	-0.32146121	-0.38503774	-0.38504292	-0.44995809	-0.44996615	-0.51378686	-0.51379672	-0.57652339	-0.57653461
-0.0618902	-0.0618902	-0.12476183	-0.12476372	-0.18655456	-0.18655456	-0.24829648	-0.24829932	-0.30998913	-0.30999141	-0.37163419	-0.37163735	-0.43459558	-0.43459842	-0.4961379	-0.49614357	-0.55626639	-0.55627313
-0.05995776	-0.05995776	-0.12020564	-0.12020755	-0.18040457	-0.18040584	-0.23954199	-0.23954486	-0.29930567	-0.29931063	-0.35868332	-0.35868841	-0.41936038	-0.41936853	-0.4789778	-0.47898373	-0.53719918	-0.53720806
-0.0577045	-0.0577045	-0.11636146	-0.11636337	-0.17430389	-0.17430516	-0.23120167	-0.23120455	-0.28938123	-0.28938461	-0.34651607	-0.34652117	-0.40493084	-0.40493902	-0.46263315	-0.4626403	-0.51896339	-0.5189723
-0.05580375	-0.05580375	-0.11221698	-0.1122189	-0.16792886	-0.16792886	-0.22326531	-0.2232682	-0.27921216	-0.27921599	-0.33445554	-0.33445874	-0.39096006	-0.39096517	-0.44676305	-0.4467707	-0.50121354	-0.50122035
-0.05359536	-0.05359536	-0.10843565	-0.10843757	-0.16258436	-0.16258564	-0.2157211	-0.21572495	-0.26945694	-0.26946331	-0.322825	-0.32283013	-0.37775275	-0.37776096	-0.43134892	-0.43136042	-0.48393724	-0.48394787
-0.05204867	-0.05204867	-0.10468668	-0.1046886	-0.15664549	-0.15665041	-0.20855945	-0.20856329	-0.26042844	-0.26043537	-0.31225236	-0.31226261	-0.36466226	-0.36467302	-0.41639515	-0.41640713	-0.46745255	-0.4674679
-0.05019667	-0.05019667	-0.10097237	-0.10097429	-0.15139203	-0.15139331	-0.2011459	-0.2011494	-0.25147742	-0.25148357	-0.30114314	-0.30114827	-0.35231516	-0.35232337	-0.40220174	-0.40221323	-0.45142497	-0.4514352
-0.0483632	-0.0483632	-0.09760069	-0.0976026	-0.14618343	-0.14618405	-0.19441711	-0.19441999	-0.24291205	-0.24291818	-0.29105869	-0.2910638	-0.34007662	-0.34008318	-0.38874363	-0.38875245	-0.43584731	-0.43585624
-0.04684959	-0.04684959	-0.09425662	-0.09425853	-0.14132041	-0.14132169	-0.18744393	-0.18744681	-0.23472105	-0.23472334	-0.28105791	-0.281063	-0.32854662	-0.32855097	-0.37509738	-0.3751031	-0.42100755	-0.42101264
-0.04505071	-0.04505071	-0.09094213	-0.09094403	-0.13620287	-0.13620414	-0.18112892	-0.18112891	-0.22659857	-0.22660086	-0.2711466	-0.2711485	-0.31741096	-0.31741367	-0.36245927	-0.36246163	-0.40629661	-0.40629872
-0.04356194	-0.04356194	-0.08794719	-0.08794908	-0.13171419	-0.13171542	-0.17486534	-0.17486819	-0.21854925	-0.21855153	-0.26190441	-0.26190946	-0.3063667	-0.30636939	-0.34992425	-0.3499299	-0.39229518	-0.39230021
-0.04208393	-0.04208393	-0.08497353	-0.0849754	-0.12725744	-0.12725869	-0.16893818	-0.168941	-0.21114007	-0.21114233	-0.25273885	-0.25274387	-0.29542003	-0.29542431	-0.3374993	-0.33750492	-0.37841507	-0.37842007
-0.04061746	-0.04061746	-0.08174684	-0.0817487	-0.12228511	-0.12228511	-0.16278178	-0.16278178	-0.20378858	-0.20379081	-0.24393071	-0.2439316	-0.2851309	-0.2851309	-0.32573979	-0.32574211	-0.36521188	-0.36521394
-0.03916333	-0.03916333	-0.07882671	-0.07882855	-0.11818137	-0.11818137	-0.15695619	-0.15695619	-0.19649869	-0.1965009	-0.23519662	-0.23519662	-0.27492657	-0.27492657	-0.31407912	-0.31408142	-0.35239014	-0.35239014
-0.03772232	-0.03772232	-0.07593266	-0.07593449	-0.11410427	-0.11410427	-0.15144587	-0.15144587	-0.18927429	-0.18927635	-0.22680274	-0.22680274	-0.26507607	-0.26507607	-0.30278521	-0.30278521	-0.33967229	-0.33967229
-0.03629517	-0.03629517	-0.07332322	-0.07332502	-0.10979814	-0.10979914	-0.14597828	-0.14598099	-0.18237536	-0.18237753	-0.21847765	-0.21848246	-0.25556558	-0.25556814	-0.291845	-0.29185039	-0.3275752	-0.32757999
-0.03513348	-0.03513348	-0.07047945	-0.07048123	-0.10578674	-0.10578792	-0.14055617	-0.14055885	-0.17578629	-0.17578843	-0.21047871	-0.21048253	-0.24613158	-0.24613411	-0.28124488	-0.28124709	-0.31532475	-0.31532947
-0.0337298	-0.0337298	-0.06791021	-0.06791197	-0.10180831	-0.10180948	-0.13518142	-0.1351823	-0.16924775	-0.16924986	-0.2027887	-0.20279046	-0.23701991	-0.23702237	-0.27072703	-0.27073052	-0.30366956	-0.30367266
-0.03234213	-0.03234213	-0.06535974	-0.06536146	-0.09786561	-0.09786581	-0.13009618	-0.13009618	-0.16276293	-0.162765	-0.19492058	-0.19492081	-0.22798386	-0.22798632	-0.26053625	-0.26053839	-0.29211039	-0.2921105
-0.03120219	-0.03120219	-0.06282925	-0.06283095	-0.0941884	-0.09419095	-0.12504983	-0.12505234	-0.15656452	-0.15656859	-0.18758213	-0.18758749	-0.21925167	-0.21925769	-0.25042373	-0.25043237	-0.28110076	-0.28111087
-0.03006619	-0.03006619	-0.06054391	-0.06054557	-0.09053778	-0.09053778	-0.12049375	-0.12049624	-0.15041325	-0.15041857	-0.18029787	-0.18030063	-0.21058915	-0.21059482	-0.24084477	-0.24062536	-0.26995012	-0.269956
-0.02871719	-0.02871719	-0.057833	-0.05783463	-0.08691197	-0.08691631	-0.11552087	-0.1155282	-0.1445266	-0.14453699	-0.1730638	-0.1730768	-0.20242758	-0.20244375	-0.23089124	-0.23091065	-0.25931893	-0.25934157
-0.0275974	-0.0275974	-0.05557983	-0.05558142	-0.08331654	-0.0833199	-0.11059674	-0.11059913	-0.13867954	-0.13868462	-0.16588846	-0.1658964	-0.19389918	-0.19390867	-0.22145379	-0.22146643	-0.24855546	-0.2485667
-0.02648303	-0.02648303	-0.05333742	-0.05333897	-0.07975009	-0.07975038	-0.1061267	-0.10612903	-0.13287271	-0.13287456	-0.15897717	-0.15897976	-0.18585272	-0.18585493	-0.2122879	-0.21229252	-0.23828598	-0.23828838
-0.02537457	-0.02537457	-0.0511067	-0.0511067	-0.07641096	-0.07641166	-0.10168023	-0.10168023	-0.12710925	-0.12710941	-0.1521122	-0.15211371	-0.1778615	-0.1778615	-0.20318319	-0.20318507	-0.22788599	-0.22788766
-0.02427246	-0.02427246	-0.0488886	-0.0488886	-0.07309095	-0.07309193	-0.09707052	-0.09707052	-0.12139166	-0.12139342	-0.14548927	-0.14549074	-0.17011659	-0.17011678	-0.19433111	-0.19433293	-0.21794804	-0.21794966
-0.02317717	-0.02317717	-0.04650195	-0.04650337	-0.06979163	-0.06979258	-0.09268311	-0.09268382	-0.11590307	-0.11590535	-0.13890686	-0.13890875	-0.16241814	-0.16242178	-0.18535176	-0.18535494	-0.20807048	-0.20807551
-0.02208914	-0.02208914	-0.04431898	-0.04432023	-0.06651401	-0.06651493	-0.08832551	-0.08832828	-0.11062549	-0.11062769	-0.1323686	-0.13237273	-0.15477203	-0.15477556	-0.1767929	-0.17679836	-0.19825984	-0.19826471
-0.02100881	-0.02100881	-0.04231903	-0.04232036	-0.06325944	-0.06326033	-0.08416586	-0.08416852	-0.10520511	-0.10520724	-0.12604323	-0.12604721	-0.14734615	-0.14734954	-0.1682813	-0.16828657	-0.18868455	-0.18868925
-0.01993661	-0.01993661	-0.04016037	-0.04016096	-0.06018931	-0.06019016	-0.07986437	-0.07986574	-0.09998495	-0.09982745	-0.11959289	-0.11959525	-0.13996265	-0.13996592	-0.15982026	-0.15982421	-0.17932664	-0.1791727
-0.01887298	-0.01887298	-0.03817178	-0.03817301	-0.05713011	-0.05713093	-0.0757496	-0.07575206	-0.09464118	-0.09464266	-0.11349826	-0.11350153	-0.13262473	-0.13262752	-0.15141336	-0.15141794	-0.1698666	-0.16986985
-0.01796424	-0.01796424	-0.03604064	-0.03604182	-0.05393761	-0.0539384	-0.07165594	-0.0716583	-0.08963138	-0.08963279	-0.10728303	-0.10728616	-0.12533447	-0.12533715	-0.1432072	-0.14321158	-0.16075829	-0.16076218
-0.01677306	-0.01677306	-0.03392818	-0.0339292	-0.05091109	-0.05091184	-0.06758495	-0.06758551	-0.08463876	-0.08464011	-0.10124638	-0.1012475	-0.11836869	-0.11837124	-0.13504641	-0.13504863	-0.15155528	-0.15155825
-0.0158686	-0.0158686	-0.03196592	-0.03196653	-0.04789888	-0.04789959	-0.06366882	-0.06367043	-0.0795352	-0.07953648	-0.09523855	-0.09524139	-0.11129716	-0.11130087	-0.12719295	-0.12719612	-0.14253857	-0.14254351
-0.01495932	-0.01495932	-0.03000892	-0.03000962	-0.04502501	-0.04490274	-0.05964005	-0.05964005	-0.07446737	-0.07446859	-0.08938383	-0.08938484	-0.10426758	-0.10426758	-0.11911677	-0.11911802	-0.13368976	-0.13369087
-0.01381358	-0.01381358	-0.02794219	-0.02794219	-0.04203711	-0.04203775	-0.05563785	-0.05563833	-0.06966665	-0.06966685	-0.08343253	-0.08343348	-0.09739419	-0.097395	-0.11132209	-0.1113228	-0.12476122	-0.1247629
-0.01291064	-0.01291064	-0.02611338	-0.02611338	-0.03906668	-0.03906728	-0.05177217	-0.05177262	-0.0648754	-0.0648754	-0.07751639	-0.07751728	-0.09055257	-0.09055333	-0.10355486	-0.10355552	-0.11609916	-0.11609916
-0.01200376	-0.01200376	-0.0240757	-0.0240757	-0.03611478	-0.03611534	-0.04792114	-0.04792156	-0.059895	-0.05989556	-0.07183596	-0.07183707	-0.08394218	-0.08394313	-0.09581674	-0.09581852	-0.10726416	-0.10726581
-0.01109322	-0.01109322	-0.02224685	-0.02224763	-0.03318242	-0.03318293	-0.04408607	-0.04408646	-0.0551418	-0.05514303	-0.06598131	-0.06598209	-0.07715438	-0.07715503	-0.08811096	-0.08811249	-0.0986709	-0.09867226
-0.01009391	-0.01009391	-0.02024096	-0.02024154	-0.03044033	-0.03044081	-0.04035283	-0.04035319	-0.05040247	-0.05040354	-0.06033548	-0.06033643	-0.0705715	-0.07057231	-0.08043931	-0.08044089	-0.09019183	-0.09019323
-0.00910689	-0.00910689	-0.01841454	-0.01841513	-0.02753467	-0.0275351	-0.03662268	-0.03662301	-0.04567856	-0.0456796	-0.05470231	-0.05470317	-0.06384602	-0.06384767	-0.07295647	-0.07295791	-0.08173162	-0.08173338
-0.00820251	-0.00820251	-0.0165825	-0.01658275	-0.02479034	-0.02479073	-0.03282767	-0.03282796	-0.04097162	-0.04097256	-0.04908335	-0.04908413	-0.0572995	-0.05730031	-0.0653462	-0.06534749	-0.07322507	-0.07322622
-0.00729564	-0.00729564	-0.01462152	-0.01462195	-0.02191512	-0.02191547	-0.02911503	-0.02911529	-0.03640563	-0.03640625	-0.04348058	-0.0434811	-0.05076665	-0.05076709	-0.05789868	-0.05789971	-0.06487833	-0.06487924
-0.00638654	-0.00638654	-0.01279548	-0.0127955	-0.01917207	-0.01917237	-0.02540903	-0.02540925	-0.03172161	-0.03172215	-0.03789543	-0.03789588	-0.04424921	-0.0442496	-0.05046478	-0.05046534	-0.05654305	-0.05654355
-0.0054755	-0.0054755	-0.01096555	-0.01096573	-0.01637707	-0.01637733	-0.02171086	-0.02171105	-0.02705903	-0.02705903	-0.03237515	-0.03237554	-0.03774942	-0.03774975	-0.04304595	-0.04304624	-0.04822134	-0.04822134
-0.00456281	-0.00456279	-0.0091326	-0.00913227	-0.01359287	-0.01359287	-0.01802211	-0.01802181	-0.02249532	-0.02249494	-0.02686091	-0.02686091	-0.03134447	-0.03134402	-0.03564616	-0.03564576	-0.03991646	-0.03991646
-0.00361764	-0.00361764	-0.00726544	-0.0072655	-0.01085022	-0.0108504	-0.01437281	-0.01437294	-0.01789393	-0.01789404	-0.02135347	-0.02135373	-0.02486971	-0.02486993	-0.02832374	-0.02832393	-0.03162979	-0.03163023
-0.00271035	-0.00271025	-0.00541207	-0.00541203	-0.00810452	-0.00810462	-0.01069721	-0.01069728	-0.0133034	-0.01330331	-0.01585556	-0.01585567	-0.01846261	-0.01846271	-0.02095077	-0.02095085	-0.02340762	-0.02340758
-0.00180227	-0.00180204	-0.00358787	-0.00358774	-0.00535637	-0.00535637	-0.007034	-0.007034	-0.00873863	-0.00873849	-0.01038247	-0.01038247	-0.01202235	-0.01202235	-0.01362966	-0.01362966	-0.01515167	-0.01515154
-0.000893	-0.000893	-0.00176237	-0.00176237	-0.00259944	-0.00259948	-0.00339097	-0.003391	-0.00417102	-0.00417102	-0.00490605	-0.00490605	-0.00562146	-0.0056215	-0.00630428	-0.00630431	-0.00693301	-0.00693303
1.55E-05	1.55E-05	6.35E-05	6.35E-05	0.000143	0.000143	0.000253	0.000253	0.000398	0.000398	0.000572	0.000572	0.000781	0.000781	0.00102294	0.00102295	0.00128759	0.00128759
0.000925	0.000925	0.00188944	0.00188944	0.0028861	0.00288615	0.00389695	0.00389699	0.00496632	0.00496636	0.00604935	0.00604936	0.00718331	0.00718338	0.00834984	0.00834991	0.00950776	0.00950782
0.00183355	0.00183355	0.00371476	0.00371476	0.00564447	0.00564456	0.00753969	0.00753976	0.00953341	0.00953347	0.01152512	0.01152512	0.01360096	0.01360109	0.0156742	0.01567432	0.01772505	0.01772516
0.00274174	0.00274174	0.00553895	0.00553895	0.00839245	0.00839259	0.01120471	0.01120482	0.01409759	0.01409768	0.01699738	0.01699748	0.02003014	0.02003033	0.02299379	0.02299395	0.02598885	0.025989
0.00364909	0.00364909	0.00739331	0.00739331	0.01113788	0.01113807	0.01488198	0.01488212	0.01869016	0.01869027	0.02253034	0.02253065	0.02643564	0.02643588	0.03037338	0.03037359	0.03420848	0.03420867
0.00459475	0.00459475	0.00926106	0.00926106	0.01387992	0.01388015	0.01853013	0.0185303	0.02329267	0.02329281	0.02800612	0.02800629	0.03291517	0.03291547	0.03773366	0.03773392	0.04250085	0.04250109
0.00550741	0.00550741	0.01109412	0.01109412	0.01666547	0.01666574	0.02222064	0.02222085	0.0279037	0.02790386	0.03357056	0.0335707	0.03936692	0.0393674	0.04509807	0.04509838	0.05081151	0.05081179
0.00641839	0.00641839	0.01292427	0.0129238	0.01946186	0.01946186	0.02592022	0.02592022	0.03252201	0.03252201	0.03904388	0.03904375	0.04582293	0.04582293	0.05252158	0.05252158	0.05913817	0.05913817
0.00732741	0.00732741	0.01474955	0.01474955	0.02220429	0.02220429	0.02962725	0.02962725	0.03720965	0.03720965	0.04463299	0.04463245	0.05234444	0.05234444	0.05995988	0.05995988	0.06747825	0.06747764
0.0082342	0.0082342	0.01671237	0.01671237	0.02508168	0.02508208	0.03334047	0.03334078	0.04184513	0.0418461	0.05023873	0.05023954	0.05888035	0.05888105	0.06755518	0.06755656	0.07597247	0.07597365
0.00913857	0.00913849	0.0185447	0.01854403	0.0278256	0.0278256	0.03713868	0.03713868	0.04648384	0.04648384	0.05586174	0.05586107	0.06559042	0.06559042	0.07503272	0.07503272	0.08434619	0.08434619
0.01012593	0.01012593	0.02037004	0.02037004	0.03073315	0.03073364	0.04095577	0.04095723	0.05121032	0.05121149	0.0614968	0.06149901	0.07216553	0.07216742	0.08269263	0.08269558	0.09290017	0.0929043
0.01112569	0.01112569	0.02237765	0.02237765	0.03356837	0.03356837	0.04469702	0.04469702	0.05595222	0.05595254	0.06733476	0.06733502	0.07884543	0.07884566	0.09019865	0.09019865	0.10148815	0.10148815
0.01203615	0.0120361	0.02420684	0.02420599	0.03640927	0.0364087	0.04844043	0.04844043	0.06091281	0.06091281	0.07300851	0.07300851	0.08554754	0.08554754	0.09791403	0.09791403	0.11010632	0.1101069
0.01294284	0.01294284	0.02624531	0.02624531	0.03936265	0.03936265	0.0522932	0.05229366	0.06569526	0.06569562	0.0789105	0.07891081	0.09237942	0.09237968	0.1056604	0.10566132	0.11875179	0.11875261
0.01384576	0.01384564	0.02807449	0.02807352	0.04233566	0.04233501	0.05627867	0.05627818	0.07048882	0.07048843	0.08461418	0.08461385	0.09924449	0.09924421	0.11343583	0.11343559	0.1276596	0.12765939
0.0149923	0.0149923	0.03014283	0.0301418	0.04532544	0.04532476	0.06029193	0.06029141	0.07554107	0.07554065	0.09057282	0.09057248	0.10613957	0.10613928	0.12148889	0.12148863	0.1366191	0.13661887
0.01590142	0.01590142	0.03209921	0.03209921	0.04833082	0.04833082	0.0641991	0.0641991	0.08036482	0.08036482	0.09656375	0.09656375	0.11306224	0.11306224	0.12932807	0.12932807	0.14549333	0.14549333
0.01680569	0.01680569	0.03406182	0.03406182	0.05135212	0.05135212	0.06811719	0.06811719	0.08547469	0.08547469	0.10258552	0.10258552	0.12015134	0.12015134	0.13746989	0.13746989	0.15453953	0.15453953
0.01799776	0.01799776	0.0361762	0.03617568	0.05438838	0.05438759	0.07233948	0.07233888	0.0906186	0.09061812	0.10863722	0.10863562	0.12727967	0.1272783	0.14566039	0.14565919	0.16377904	0.16377664
0.01890629	0.01890629	0.03830817	0.03830817	0.05743657	0.05743611	0.07628909	0.07628847	0.09579369	0.09579319	0.1148675	0.11486708	0.13459637	0.13459601	0.15389421	0.15389295	0.17291258	0.17291146
0.01997026	0.01997026	0.04029827	0.04029698	0.06049745	0.06049658	0.0805689	0.08056825	0.10099848	0.10099796	0.12113756	0.12113713	0.14179857	0.1417982	0.16233154	0.16233122	0.18240889	0.1824086
0.02104276	0.02104276	0.04245688	0.04245884	0.06373691	0.06374119	0.08471271	0.08471902	0.10623046	0.10623968	0.12744339	0.1274552	0.14920039	0.14921565	0.17082234	0.17084046	0.1919671	0.19198732
0.02212339	0.02212339	0.0446343	0.04463291	0.06682884	0.06700139	0.08905774	0.08905146	0.11149587	0.11148868	0.13379088	0.13378341	0.15683156	0.15682159	0.17937564	0.17936306	0.20159851	0.20158323
0.0232117	0.0232117	0.04682419	0.04682419	0.07010528	0.07010528	0.09342076	0.09342076	0.11695459	0.11695459	0.1403395	0.14033902	0.16449633	0.16449591	0.18813516	0.1881348	0.21143862	0.2114383
0.02430726	0.02430726	0.04902984	0.04902984	0.07340701	0.07340701	0.09781884	0.09781884	0.12245641	0.12245641	0.14693771	0.14693771	0.17222024	0.17222024	0.19696364	0.19696364	0.22135763	0.22135763
0.02540961	0.02540961	0.05124894	0.05124894	0.07692663	0.07692663	0.10224391	0.10224391	0.12819009	0.12819009	0.15377526	0.15377526	0.17999144	0.17999144	0.20604498	0.20604498	0.23153647	0.23153647
0.02651832	0.02651832	0.05348061	0.05348061	0.08027447	0.08027447	0.10669414	0.10669414	0.13376398	0.13376398	0.16045899	0.16045899	0.18801204	0.18801204	0.2151905	0.21519018	0.24178578	0.24178543
0.0276329	0.0276329	0.0557239	0.0557239	0.08363973	0.08363973	0.11159146	0.11159146	0.13957902	0.13957902	0.16760239	0.16760239	0.19629964	0.19629964	0.22460829	0.22460829	0.25231341	0.25231341
0.02875291	0.02875291	0.0581961	0.0581961	0.08723951	0.08723951	0.11610021	0.11610021	0.1454345	0.14543483	0.17480533	0.17480561	0.20465185	0.20465209	0.23409617	0.23409638	0.26313662	0.2631368
0.03010264	0.03010264	0.06069175	0.06069171	0.09086863	0.09086751	0.12108293	0.12107957	0.15178227	0.15177959	0.1820696	0.18206457	0.21329564	0.21329133	0.24365631	0.24364959	0.27404986	0.27404388
0.03147034	0.03147034	0.06297771	0.06297771	0.09452209	0.09452209	0.12610343	0.12610343	0.15772168	0.15772168	0.18937679	0.18937679	0.22176822	0.22176822	0.25373116	0.25373116	0.28503022	0.28503022
0.03237889	0.03237889	0.06574837	0.06574837	0.09844035	0.09844035	0.13116941	0.13116942	0.16417484	0.16417484	0.19673865	0.19673865	0.23077795	0.23077795	0.26389637	0.26389637	0.29657139	0.29657139
0.03376723	0.03376723	0.06806195	0.06806195	0.10239503	0.10239503	0.13627512	0.13627512	0.17068421	0.17068421	0.20463911	0.20463911	0.2396169	0.2396169	0.2741404	0.2741404	0.30820793	0.30820793
0.03517156	0.03517156	0.07088433	0.07088433	0.1063842	0.1063842	0.1414181	0.1414181	0.17724661	0.17724661	0.21260851	0.21260851	0.24902006	0.24902006	0.28471161	0.28471161	0.31993419	0.31993419
0.03633335	0.03633335	0.07347899	0.07347899	0.11040588	0.11040588	0.14685453	0.14685453	0.18385884	0.18385884	0.22064288	0.22064288	0.25850301	0.25850301	0.29562437	0.29562437	0.33226443	0.33226443
0.03776109	0.03776109	0.07635422	0.07635422	0.11445808	0.11445808	0.15233598	0.15233598	0.19078292	0.19078366	0.22900377	0.22900439	0.26806098	0.26806151	0.30662643	0.30662689	0.34469839	0.3446988
0.03920269	0.03920269	0.07925689	0.07925689	0.11880979	0.11881103	0.15785969	0.15786062	0.19803442	0.19803516	0.23743414	0.23743663	0.27796128	0.2779634	0.31825699	0.31825885	0.35750237	0.35750554
0.04065737	0.04065737	0.08218546	0.08218546	0.12320035	0.1232016	0.16370036	0.16370129	0.20535059	0.20535134	0.24592963	0.24593026	0.28821762	0.28821976	0.32999041	0.32999229	0.37068853	0.3706902
0.04212436	0.04212436	0.08514024	0.08513836	0.12763521	0.12762742	0.16960329	0.16958984	0.21274642	0.21272827	0.25536111	0.25533903	0.29886963	0.29884371	0.34185067	0.3418209	0.38401758	0.38398387
0.04360287	0.04360671	0.08811402	0.0881216	0.13208862	0.13210002	0.17610439	0.17611961	0.22045123	0.22017924	0.2642591	0.26427881	0.30955997	0.30958269	0.35432225	0.35434803	0.39796208	0.39798922
0.04509211	0.04509211	0.09111082	0.09111082	0.13717234	0.13717361	0.18209387	0.18209483	0.22823962	0.22824039	0.27383547	0.27383611	0.3209551	0.32095565	0.36693166	0.36693214	0.41235589	0.41235632
0.04689198	0.04689198	0.09442816	0.09442816	0.14200755	0.14200883	0.18872544	0.1887264	0.23639017	0.23639094	0.28379576	0.28379833	0.3324533	0.33245524	0.3802473	0.38024874	0.42717498	0.42717635
0.048406	0.048406	0.09808169	0.09808169	0.14688093	0.14688221	0.19572314	0.19572411	0.24491581	0.24491658	0.29384391	0.29384648	0.34404719	0.3440494	0.39398679	0.39398872	0.44273577	0.44273963
0.05024036	0.05024036	0.10114915	0.10114915	0.1524152	0.15241646	0.20247509	0.20247509	0.25382959	0.25382959	0.30460179	0.30460373	0.35667447	0.35667447	0.40784861	0.40784861	0.45843796	0.45843796
0.05209325	0.05209325	0.10486695	0.10486695	0.1576873	0.1576873	0.20991411	0.20991411	0.26282281	0.26282281	0.31514025	0.31513831	0.36941573	0.36941408	0.42245955	0.4224581	0.47491033	0.47490689
0.05364022	0.05364022	0.10861925	0.10861925	0.16299768	0.16299736	0.21742195	0.21742099	0.27189076	0.27188999	0.32640489	0.32640489	0.38226542	0.38226377	0.43752093	0.43751949	0.49152072	0.49151943
0.05584994	0.05584994	0.11273266	0.1127327	0.16900572	0.16900572	0.22499397	0.22499686	0.28168744	0.28168975	0.33809942	0.33810263	0.39620652	0.39587898	0.4530399	0.45304567	0.50925985	0.5092668
0.05775144	0.05775144	0.11655226	0.11655226	0.17506805	0.17506678	0.23296024	0.23295927	0.29190488	0.29190319	0.3502268	0.35022424	0.41027194	0.41026975	0.46936109	0.46935725	0.5274866	0.52748318
0.06000593	0.06000593	0.12107805	0.12107805	0.18152147	0.1815202	0.24133154	0.24133058	0.30255191	0.30254885	0.36279709	0.36279453	0.42513423	0.42513205	0.48650095	0.48649666	0.54654828	0.54654445
0.06228326	0.06228326	0.12496201	0.12496012	0.18768772	0.18768646	0.24977582	0.24977201	0.31328997	0.31328769	0.37616642	0.37616135	0.44047165	0.44046731	0.5037928	0.50378568	0.56646658	0.56646025
0.06423267	0.06423647	0.12956536	0.12956536	0.19459689	0.19459689	0.2589819	0.2589819	0.324814	0.324814	0.38964889	0.38964574	0.45628643	0.45628385	0.5222719	0.5222686	0.5869052	0.58689849
0.06654618	0.06654618	0.13456243	0.13456056	0.20191959	0.20191834	0.26861864	0.2686177	0.33679095	0.33678795	0.40359097	0.40358847	0.47328668	0.47328454	0.54161467	0.54161047	0.60856655	0.60856281
0.06887799	0.06887799	0.13924609	0.13924424	0.20894655	0.20894532	0.27869968	0.27869875	0.34922722	0.34922425	0.41908478	0.41908292	0.49043881	0.49043458	0.56112207	0.56111836	0.63113573	0.63113244
0.07159007	0.07159007	0.1446903	0.14468847	0.21711504	0.21711382	0.28886789	0.28886422	0.36212851	0.36212557	0.43435214	0.43434663	0.50918127	0.5091763	0.58260764	0.58260032	0.65462539	0.65461521
0.07432648	0.07432635	0.14981408	0.14981227	0.22535528	0.22535407	0.29984572	0.29984481	0.37549755	0.37549683	0.45083512	0.45083452	0.52844528	0.52844477	0.60463284	0.60463239	0.67939552	0.67939391
0.07708492	0.07708492	0.15609137	0.15608959	0.23366141	0.23366022	0.31128752	0.31128663	0.3904637	0.39046298	0.4682036	0.46820121	0.54861544	0.5486134	0.62758811	0.62758633	0.70549432	0.70549122
0.08024064	0.08024064	0.16167189	0.16167013	0.24315965	0.24315848	0.32319823	0.32319471	0.4051795	0.40517739	0.48646598	0.48646129	0.57008063	0.57007311	0.65223654	0.65222997	0.73331672	0.73330734
0.08304203	0.08304554	0.16843236	0.16806486	0.25235549	0.25237278	0.33634052	0.33636823	0.42114899	0.42117668	0.50601306	0.50605459	0.59247066	0.59251209	0.67822056	0.67827475	0.76249872	0.76255504
0.08662993	0.08662993	0.17486387	0.17486255	0.2627757	0.2627723	0.34997743	0.34997077	0.43839807	0.43838991	0.52610709	0.52609527	0.61658335	0.61657028	0.70557474	0.70555808	0.79346501	0.79344691
