-0.0928674	-0.09674934	-0.18527202	-0.18605697	-0.27567097	-0.27916887	-0.36330114	-0.3660225	-0.45512072	-0.45667778	-0.54919639	-0.6358582	-0.7232246	-0.81361716	-0.9047224	-0.99690595	-1.03538167
-0.08922047	-0.09306589	-0.17838167	-0.17915192	-0.2651638	-0.26823605	-0.34959239	-0.35189555	-0.43778444	-0.43855173	-0.52745082	-0.61168906	-0.69509797	-0.78227488	-0.86937584	-0.95870979	-0.99623998
-0.08560311	-0.08941675	-0.17115136	-0.17192413	-0.25472831	-0.25816914	-0.33597182	-0.33827876	-0.42094981	-0.42212315	-0.50775295	-0.58806233	-0.66868253	-0.75302438	-0.83693306	-0.92227755	-0.9590254
-0.08240815	-0.0861875	-0.16475379	-0.16553093	-0.24516028	-0.24857861	-0.32325626	-0.32593963	-0.40504501	-0.40624417	-0.48864461	-0.5665638	-0.64367763	-0.72447293	-0.80557942	-0.8881155	-0.92418365
-0.0792221	-0.08297867	-0.15876103	-0.1595811	-0.23600092	-0.23908474	-0.3113402	-0.3137195	-0.39033028	-0.39125182	-0.47035956	-0.5451567	-0.61988839	-0.69826822	-0.77584956	-0.85557218	-0.89077719
-0.07643842	-0.07974394	-0.15282348	-0.15355251	-0.22730456	-0.23023838	-0.29990885	-0.30210213	-0.37575158	-0.37720839	-0.45336002	-0.52543085	-0.59743632	-0.67268453	-0.74787304	-0.82444897	-0.85879119
-0.07368281	-0.07694127	-0.14730755	-0.14801767	-0.21906443	-0.2219431	-0.2893192	-0.2914614	-0.36241383	-0.36346735	-0.43689617	-0.50662559	-0.57630217	-0.64844884	-0.72125862	-0.79472953	-0.82844368
-0.07094441	-0.07452492	-0.14183233	-0.14254824	-0.21123469	-0.21409474	-0.27915461	-0.28094097	-0.34916421	-0.35059227	-0.42161485	-0.48866105	-0.555656	-0.62580154	-0.69553489	-0.76663269	-0.79940815
-0.06858496	-0.07140282	-0.13711444	-0.13780094	-0.20382584	-0.20662632	-0.2690755	-0.27115708	-0.33709205	-0.33810414	-0.406813	-0.47120284	-0.53589438	-0.60369466	-0.67108864	-0.73982913	-0.77154871
-0.066234	-0.06902408	-0.13206759	-0.13276755	-0.19680049	-0.19924409	-0.25939657	-0.26149537	-0.32541721	-0.32613022	-0.39243362	-0.45487752	-0.51727249	-0.58273392	-0.64779516	-0.71419371	-0.74476348
-0.06357092	-0.06665996	-0.12743861	-0.12811229	-0.18987026	-0.1926106	-0.25020821	-0.25225085	-0.31390989	-0.31492489	-0.37893825	-0.43911909	-0.4992569	-0.56207677	-0.62483808	-0.68959904	-0.71916934
-0.06160943	-0.0646571	-0.12317588	-0.12350637	-0.18332911	-0.18569649	-0.24174752	-0.24377406	-0.30316185	-0.303832	-0.36586291	-0.42380769	-0.48236801	-0.54290429	-0.60338562	-0.66582692	-0.69451557
-0.05966904	-0.06232911	-0.11895841	-0.11960807	-0.17685631	-0.17950278	-0.23338675	-0.23536422	-0.29252898	-0.29349751	-0.35327692	-0.40932342	-0.46566594	-0.52427581	-0.58282694	-0.64265913	-0.67061354
-0.05740012	-0.06002457	-0.11475211	-0.11540914	-0.1710788	-0.17303863	-0.22539277	-0.22734841	-0.28259994	-0.28357394	-0.34106323	-0.39523468	-0.44968711	-0.50637315	-0.56300959	-0.6205725	-0.64809441
-0.05550083	-0.05806414	-0.11095217	-0.11156535	-0.16506792	-0.16727466	-0.21785124	-0.21939723	-0.27316031	-0.27372602	-0.32938344	-0.38170778	-0.43430846	-0.48878522	-0.54385348	-0.59951139	-0.62572087
-0.05329979	-0.05581039	-0.10717076	-0.10776935	-0.15911	-0.16158169	-0.21036359	-0.21218497	-0.26346695	-0.2646403	-0.31779449	-0.36890675	-0.41936172	-0.472275	-0.5251514	-0.57922909	-0.60452415
-0.05171396	-0.05420481	-0.10337889	-0.1040013	-0.15376106	-0.15592986	-0.20285205	-0.20470625	-0.25437983	-0.25531082	-0.30710042	-0.35606544	-0.40497801	-0.45632055	-0.50699808	-0.5594898	-0.58355745
-0.0498702	-0.05229993	-0.09999034	-0.10028077	-0.14855073	-0.1506473	-0.19614821	-0.19762648	-0.24582835	-0.24669421	-0.29669353	-0.34385254	-0.39096655	-0.4404732	-0.48993499	-0.54024878	-0.56379042
-0.0483528	-0.05040663	-0.09634788	-0.09686917	-0.14370693	-0.14538477	-0.18923304	-0.19086422	-0.23739239	-0.23809561	-0.28641922	-0.33210729	-0.37774817	-0.42544666	-0.47309031	-0.52158351	-0.5440221
-0.04676954	-0.04853737	-0.09320303	-0.09350177	-0.13841917	-0.14047856	-0.18300184	-0.18418527	-0.22930544	-0.22990254	-0.27673503	-0.32060487	-0.36473123	-0.41056744	-0.45664602	-0.50384876	-0.5255675
-0.04496602	-0.04697693	-0.08989281	-0.0901652	-0.13390232	-0.13561261	-0.17644529	-0.17785601	-0.22123186	-0.22178182	-0.2671324	-0.30954092	-0.35191763	-0.39653897	-0.44082553	-0.48621718	-0.50711755
-0.0431704	-0.04542619	-0.08657946	-0.08714293	-0.12881955	-0.13078949	-0.17045616	-0.17158081	-0.2137378	-0.21429961	-0.257537	-0.29848845	-0.33996065	-0.38251139	-0.42557829	-0.46915956	-0.48916611
-0.04167917	-0.04388603	-0.08359157	-0.08414294	-0.12436008	-0.12601198	-0.16453794	-0.16563822	-0.20577509	-0.20659954	-0.24861698	-0.28812361	-0.32759148	-0.36920948	-0.41051084	-0.4528615	-0.47190914
-0.04020035	-0.04235728	-0.08062805	-0.08116682	-0.11993733	-0.12155174	-0.15866896	-0.1597442	-0.19870408	-0.1992412	-0.23977018	-0.27784476	-0.31614884	-0.35601853	-0.39611316	-0.43669863	-0.45483589
-0.03900213	-0.04057736	-0.07769405	-0.07821608	-0.1158289	-0.1173924	-0.15286482	-0.1539018	-0.19169779	-0.19220976	-0.23102249	-0.26793974	-0.30481898	-0.34323624	-0.38160214	-0.42097394	-0.43838535
-0.03754301	-0.03908	-0.07503956	-0.07529224	-0.11173496	-0.11300439	-0.14735855	-0.14837016	-0.18473471	-0.18523406	-0.22284583	-0.25835194	-0.29382068	-0.33078964	-0.36796241	-0.4058609	-0.42228038
-0.03609243	-0.0378469	-0.07214538	-0.07264707	-0.10765816	-0.10890899	-0.14188346	-0.14288335	-0.17781764	-0.1783177	-0.21445848	-0.24881789	-0.28289142	-0.31866583	-0.35439945	-0.39083524	-0.40656222
-0.03466173	-0.03637143	-0.06952646	-0.06977521	-0.10337982	-0.10484553	-0.13646139	-0.13744416	-0.17121047	-0.17170704	-0.20664693	-0.23937184	-0.27230696	-0.30665581	-0.3412015	-0.3761932	-0.39128346
-0.03349012	-0.03514844	-0.06693717	-0.06740872	-0.09963748	-0.10105263	-0.13135654	-0.13229168	-0.16492354	-0.16538556	-0.19892217	-0.23053175	-0.26209653	-0.29503584	-0.32840588	-0.36221197	-0.37610266
-0.03232106	-0.03369598	-0.06436525	-0.06458608	-0.09591925	-0.09682051	-0.12627605	-0.12717716	-0.15844409	-0.15887579	-0.19102056	-0.22173518	-0.25194587	-0.2839585	-0.31547067	-0.34808187	-0.36141348
-0.03092078	-0.03226172	-0.06180145	-0.06224631	-0.09219686	-0.09308774	-0.12122039	-0.12221124	-0.1519875	-0.15242416	-0.18360569	-0.21296084	-0.24228282	-0.27289807	-0.30303001	-0.33445049	-0.34687175
-0.02954359	-0.03084601	-0.05948251	-0.05948271	-0.08851642	-0.08938254	-0.11664856	-0.11751361	-0.14604159	-0.14647366	-0.17625914	-0.20428255	-0.23227107	-0.26194334	-0.29114712	-0.32116962	-0.33265936
-0.02860604	-0.02987017	-0.05696385	-0.05717678	-0.08486469	-0.08570601	-0.11168222	-0.11252246	-0.14013817	-0.14056493	-0.16897319	-0.19610072	-0.2227766	-0.25108189	-0.27914091	-0.30799131	-0.31875424
-0.02725375	-0.0284738	-0.05446972	-0.05487644	-0.08124288	-0.08225694	-0.10717008	-0.10798043	-0.13427555	-0.1346806	-0.1621506	-0.18776888	-0.21355453	-0.24051167	-0.26743099	-0.29491371	-0.30494785
-0.02611715	-0.02729863	-0.05219671	-0.0525925	-0.07765209	-0.07882961	-0.10248574	-0.10327091	-0.1284558	-0.12885285	-0.15497283	-0.1797001	-0.20439318	-0.23021592	-0.25600108	-0.28232886	-0.29158345
-0.02498342	-0.02612118	-0.04992987	-0.05012471	-0.07427357	-0.07522522	-0.09801695	-0.09878197	-0.12285471	-0.12324543	-0.14821853	-0.17185635	-0.19546026	-0.22015177	-0.24461938	-0.26979562	-0.27819172
-0.02386265	-0.02495414	-0.0476883	-0.04787657	-0.07093294	-0.07184611	-0.093599	-0.09432954	-0.11731676	-0.11769155	-0.14153939	-0.16392039	-0.18644834	-0.21002123	-0.23355713	-0.25759357	-0.2652105
-0.02274582	-0.0237921	-0.0454549	-0.04562651	-0.06760483	-0.06847269	-0.08919802	-0.08988674	-0.11180008	-0.11214	-0.13488573	-0.15637505	-0.17783103	-0.20028913	-0.22253823	-0.24543919	-0.25230794
-0.02163702	-0.02264582	-0.04323702	-0.0434075	-0.0642999	-0.06513784	-0.08482811	-0.08549793	-0.10632201	-0.10665779	-0.1282781	-0.14870335	-0.16926118	-0.19044676	-0.21176156	-0.23353425	-0.23964485
-0.02053503	-0.02149795	-0.04103397	-0.04119923	-0.06101797	-0.06198101	-0.08064888	-0.08113197	-0.10104237	-0.1013718	-0.1218765	-0.14124573	-0.16058226	-0.18083433	-0.20105034	-0.22186017	-0.22706191
-0.01944279	-0.02035987	-0.0390016	-0.03916026	-0.05791497	-0.05868221	-0.07649029	-0.07710601	-0.09579482	-0.09595519	-0.11551758	-0.1338395	-0.15228003	-0.17159181	-0.19056651	-0.21010655	-0.21468767
-0.01850334	-0.01923152	-0.03682542	-0.03697743	-0.0548224	-0.05540845	-0.0722065	-0.07279495	-0.09056958	-0.09087044	-0.1091851	-0.12661284	-0.14400802	-0.16208718	-0.180274	-0.19871039	-0.20252271
-0.01728284	-0.0181148	-0.03466838	-0.0349471	-0.05174348	-0.05229652	-0.06823525	-0.06878717	-0.08551678	-0.08579359	-0.10303625	-0.11942776	-0.13578707	-0.15292945	-0.17003628	-0.18737815	-0.19039071
-0.01634574	-0.01713256	-0.03278681	-0.03279739	-0.04867205	-0.04920478	-0.06413451	-0.06453838	-0.08034289	-0.08062343	-0.09690331	-0.1123953	-0.12772624	-0.14379589	-0.15995853	-0.17634112	-0.17837009
-0.01540823	-0.0160275	-0.03065835	-0.03079097	-0.04562876	-0.04613454	-0.06007654	-0.06058019	-0.07534689	-0.07548926	-0.0908254	-0.10529608	-0.11973478	-0.13474592	-0.14972229	-0.16514515	-0.16661639
-0.01423293	-0.01492737	-0.02854658	-0.0287826	-0.04259547	-0.04306366	-0.05615179	-0.05662086	-0.07036322	-0.07060614	-0.0847681	-0.09833984	-0.11187946	-0.1259536	-0.1397667	-0.15422283	-0.15469703
-0.01330013	-0.01394625	-0.02667234	-0.02667465	-0.03958008	-0.0402268	-0.05224081	-0.05267162	-0.06551096	-0.06572691	-0.07895924	-0.0915211	-0.10383917	-0.11697258	-0.13007232	-0.14334823	-0.14303861
-0.01236164	-0.01296296	-0.02458838	-0.02478783	-0.03658158	-0.03718323	-0.04834288	-0.04874384	-0.0604693	-0.06067064	-0.07295748	-0.08462004	-0.09605393	-0.10824209	-0.12019935	-0.13251275	-0.13160642
-0.01141947	-0.01179035	-0.02271227	-0.02271246	-0.03378672	-0.0341554	-0.04446075	-0.04482836	-0.05565126	-0.05583718	-0.06717445	-0.07775153	-0.08847925	-0.09953691	-0.11056037	-0.12190926	-0.12004211
-0.01030511	-0.01081576	-0.02066112	-0.02083505	-0.03081401	-0.03115589	-0.04059708	-0.04094177	-0.05085261	-0.05102801	-0.06140832	-0.07109417	-0.08074903	-0.09086967	-0.10095599	-0.11117245	-0.10867691
-0.00937238	-0.00983604	-0.01878787	-0.01894182	-0.02786208	-0.02832537	-0.0367512	-0.03705989	-0.04606646	-0.04622158	-0.05549917	-0.06429132	-0.07305238	-0.08223291	-0.09137903	-0.10063977	-0.09734038
-0.00843678	-0.00885413	-0.01690888	-0.01690889	-0.02507053	-0.02534771	-0.03306248	-0.03327131	-0.04129715	-0.04143661	-0.0497712	-0.05766645	-0.06553051	-0.07376758	-0.08183599	-0.0901382	-0.08603614
-0.0074986	-0.00786946	-0.01490168	-0.01502507	-0.0222101	-0.02251875	-0.0292417	-0.02948798	-0.03666765	-0.03673062	-0.04411947	-0.05105497	-0.05801965	-0.06519153	-0.07244862	-0.07978919	-0.07481595
-0.00655786	-0.0068282	-0.0130282	-0.01313588	-0.01935811	-0.01957221	-0.0255492	-0.02565579	-0.03191991	-0.03202682	-0.03846795	-0.0444571	-0.05052026	-0.05675948	-0.06301676	-0.06934248	-0.06362251
-0.00561545	-0.00580062	-0.01115111	-0.01115127	-0.01656183	-0.0167448	-0.02175839	-0.02194029	-0.02719435	-0.02728615	-0.03277755	-0.03787898	-0.04303879	-0.04834347	-0.05361458	-0.05902552	-0.05249243
-0.00463287	-0.00482547	-0.0092706	-0.00927096	-0.01368469	-0.01391246	-0.01806654	-0.01818067	-0.02256707	-0.02264321	-0.02714541	-0.0313941	-0.03557538	-0.03994329	-0.04427781	-0.04872184	-0.04137764
-0.00369517	-0.00384891	-0.00735696	-0.00738787	-0.01089484	-0.01104583	-0.01434031	-0.01443113	-0.0179034	-0.01793468	-0.02152065	-0.02484171	-0.02816114	-0.03159112	-0.03498821	-0.03843527	-0.03030137
-0.00273357	-0.00287056	-0.00545675	-0.00550192	-0.00810174	-0.00819088	-0.01062574	-0.01071424	-0.01324996	-0.01329411	-0.01590502	-0.01835542	-0.020754	-0.0232459	-0.02570363	-0.02818837	-0.01923149
-0.00180176	-0.00189173	-0.00358523	-0.00361468	-0.00530613	-0.0053639	-0.0069374	-0.00699447	-0.00862201	-0.00865021	-0.01030017	-0.01185019	-0.01336924	-0.01492118	-0.01642686	-0.01794851	-0.00817556
-0.000869	-0.000912	-0.00171261	-0.00172634	-0.0025089	-0.00253528	-0.00324714	-0.00327257	-0.00399142	-0.00400368	-0.00471362	-0.00535698	-0.00597517	-0.0065872	-0.00716073	-0.00772323	0.00288287
6.32E-05	6.73E-05	0.000161	0.000162	0.000289	0.000294	0.000444	0.00045	0.00064	0.000644	0.000874	0.00112452	0.00140767	0.0017361	0.00209506	0.00250441	0.01394045
0.000996	0.00104691	0.00203366	0.0020512	0.00308703	0.00312325	0.00413538	0.00417293	0.00527201	0.00529141	0.00646212	0.00760569	0.00879009	0.01005867	0.01136123	0.0127313	0.02499383
0.00192825	0.00202623	0.00390622	0.00393936	0.0058837	0.00595157	0.00782534	0.00789439	0.00990208	0.00993738	0.01204795	0.01410259	0.01618788	0.01839683	0.02063966	0.02295437	0.03609384
0.00285992	0.00300493	0.00577746	0.00582632	0.00867908	0.00877807	0.01151281	0.01161345	0.01452902	0.01457985	0.01768111	0.02061074	0.02357008	0.02671855	0.02990069	0.0332242	0.04721317
0.00382266	0.00398262	0.00767914	0.00771139	0.01147081	0.01163433	0.01522952	0.01532884	0.01918457	0.01925073	0.02327336	0.0270937	0.031013	0.03510045	0.03922065	0.0434795	0.05835019
0.00476015	0.00495924	0.00959423	0.00959429	0.01429999	0.01450287	0.01895733	0.01912087	0.02385	0.02393187	0.02894099	0.03365207	0.03843613	0.04350302	0.04856073	0.05373797	0.06949646
0.0057434	0.0059343	0.01147343	0.01152206	0.01713998	0.01733435	0.02264527	0.02284164	0.02852223	0.02857254	0.03453061	0.04022992	0.04586077	0.05187043	0.05791474	0.06414351	0.08066122
0.00668605	0.006963	0.01335068	0.013462	0.01993541	0.02021657	0.0264414	0.02661159	0.03320459	0.03331919	0.040227	0.04677274	0.05334928	0.06035957	0.06728721	0.0744822	0.091963
0.00762698	0.00800485	0.0152235	0.01534837	0.02278849	0.02310549	0.03013188	0.03038576	0.03795565	0.03808092	0.04594295	0.05338246	0.06085259	0.06881073	0.07667201	0.08489572	0.10329225
0.00856403	0.00898968	0.01723169	0.01723347	0.02564912	0.02593708	0.03395547	0.03424465	0.0427233	0.04279928	0.0516716	0.06007485	0.06850753	0.07726522	0.0862029	0.0953213	0.11465222
0.00949854	0.00997135	0.01910907	0.01926942	0.02859655	0.0289163	0.03779821	0.03796175	0.04743068	0.04751545	0.05741569	0.06671517	0.07604432	0.0858905	0.0957699	0.10584617	0.12622096
0.01043079	0.01094986	0.02106765	0.02115699	0.03139286	0.03191743	0.04148781	0.04184145	0.05213954	0.05231985	0.06317493	0.07336803	0.08376709	0.0945536	0.10537275	0.1164056	0.13765184
0.01154897	0.01192426	0.02303574	0.02303729	0.03436955	0.0347496	0.04535505	0.04573717	0.05713399	0.05713552	0.06894814	0.08022136	0.09133642	0.1032508	0.11500742	0.12718598	0.14930473
0.01248839	0.01309987	0.0249089	0.02511608	0.0373644	0.0377773	0.04923759	0.04965358	0.06196359	0.06217702	0.0749318	0.08690161	0.09910928	0.11197277	0.12466175	0.13801235	0.16101705
0.01342667	0.01408194	0.02699727	0.02699698	0.04016092	0.04082232	0.05313953	0.05357957	0.06681201	0.06703237	0.08073802	0.09381497	0.10692349	0.1207322	0.13457332	0.14867573	0.17287292
0.01435862	0.01506864	0.0289849	0.02911467	0.04317821	0.0437828	0.05704988	0.05754601	0.07166089	0.07193016	0.08678094	0.10075111	0.11499028	0.12973949	0.14452188	0.15969922	0.18479326
0.01553665	0.01617602	0.03098195	0.03114315	0.04621393	0.04676689	0.06110157	0.06155003	0.07677611	0.07699136	0.09286107	0.10772397	0.12286868	0.13855415	0.15452576	0.1707893	0.19689315
0.01647498	0.01728648	0.03311623	0.03316048	0.04926463	0.04986581	0.065179	0.06553644	0.08179081	0.08203535	0.09897226	0.11498682	0.13090133	0.14765034	0.16456862	0.18192793	0.20905956
0.01754866	0.01825755	0.03513185	0.03529573	0.05233114	0.05306289	0.06914437	0.06974472	0.08682982	0.08716015	0.10511626	0.12202694	0.13897205	0.15693769	0.17479961	0.19312144	0.22142746
0.01863238	0.01936913	0.03715059	0.03745053	0.05541183	0.05615493	0.07340932	0.07386141	0.09203357	0.09233924	0.111286	0.12923637	0.14722176	0.16627979	0.18507793	0.20450939	0.23385685
0.01956897	0.02049638	0.03932795	0.03948632	0.0585036	0.05943803	0.0774022	0.07803089	0.09726691	0.09758712	0.11763371	0.13663473	0.15566774	0.17551686	0.19555672	0.21626108	0.24651612
0.0206624	0.02163326	0.04152244	0.04168761	0.06177014	0.06258601	0.08172668	0.08238404	0.10253048	0.10286505	0.12402186	0.14391751	0.16417306	0.18511717	0.20626139	0.22793336	0.25941745
0.02176414	0.02277727	0.04356439	0.04373335	0.06506169	0.06590874	0.08591486	0.08659386	0.10799121	0.10816118	0.13044475	0.15157048	0.17255886	0.19477795	0.21703372	0.23966761	0.27239845
0.02287395	0.02393027	0.04578291	0.04596062	0.06837716	0.06926016	0.09029661	0.09100482	0.11331461	0.11366877	0.13707616	0.15910131	0.18133475	0.20449563	0.22786852	0.25181723	0.28564231
0.02399169	0.02509049	0.04801765	0.04820209	0.07171543	0.07263384	0.09470952	0.09544642	0.11884586	0.11921389	0.14375448	0.16685538	0.1901718	0.21445143	0.23895155	0.26404714	0.29916423
0.02511706	0.0262574	0.05026669	0.05064811	0.07507515	0.07602831	0.09915107	0.09991554	0.12441275	0.12479423	0.15047506	0.174659	0.19906553	0.22466464	0.25010494	0.27635751	0.31280631
0.026248	0.0274328	0.05253291	0.05292845	0.07845892	0.07944904	0.10362784	0.10442101	0.13022031	0.1306175	0.15744683	0.18272151	0.20822922	0.23496894	0.26174606	0.28896097	0.32670165
0.02738212	0.02860989	0.05500831	0.05521431	0.08185263	0.08308184	0.10832212	0.10913975	0.1360576	0.13646693	0.16444719	0.19081797	0.21742908	0.24531456	0.27323424	0.3020222	0.34091591
0.02873568	0.0300114	0.05751155	0.05751905	0.08547806	0.08676584	0.1130515	0.11392069	0.14193901	0.14238431	0.17150303	0.19918466	0.22690514	0.25615557	0.28522615	0.31498126	0.35525861
0.02967459	0.03099998	0.05982394	0.06028633	0.08913679	0.09048455	0.11760982	0.11853125	0.14787229	0.14836575	0.17861284	0.20763362	0.23668977	0.26666314	0.29711547	0.32849048	0.37010536
0.03104873	0.03240016	0.06213807	0.06258858	0.09281139	0.09416619	0.1226214	0.12352517	0.15415598	0.15472633	0.18642047	0.2163391	0.24629318	0.27787211	0.30949142	0.34183092	0.38485922
0.03244351	0.03383549	0.06492837	0.06492972	0.09651964	0.09791514	0.12768572	0.12861769	0.16028211	0.16074902	0.19385369	0.22512823	0.25643845	0.2891916	0.3219806	0.3557499	0.40020536
0.03361756	0.03528685	0.06727657	0.06775307	0.10049247	0.10168724	0.13279309	0.13374656	0.16680486	0.16728179	0.20133687	0.23398979	0.26667487	0.30084477	0.33505266	0.37002285	0.41615639
0.03503944	0.03651011	0.07012083	0.07036399	0.10450047	0.10572877	0.13793885	0.13892039	0.1733835	0.17387141	0.20935695	0.24315506	0.27698974	0.31258753	0.34798242	0.38440852	0.43198727
0.03622464	0.03798564	0.07274348	0.07299232	0.10854175	0.10980184	0.14337316	0.14437874	0.18001097	0.18050869	0.21744381	0.25264315	0.28762161	0.3244179	0.36150867	0.399399	0.44845031
0.0376698	0.03947631	0.07564108	0.07589602	0.11261466	0.11416603	0.14885439	0.14988615	0.18668291	0.18745738	0.22585342	0.26220557	0.29859863	0.33684923	0.37514049	0.41451813	0.4653326
0.03913088	0.0409809	0.07830455	0.07882904	0.11672443	0.11830784	0.15438201	0.15543805	0.19367674	0.19446724	0.2343421	0.27185735	0.30993695	0.34966046	0.3891584	0.43003341	0.48262641
0.04060587	0.04249813	0.08125337	0.08151715	0.12112871	0.12274788	0.16022934	0.16130253	0.20099976	0.20152625	0.24290053	0.28212061	0.32137895	0.36258633	0.40383564	0.4459474	0.5003232
0.04209157	0.04402699	0.0845027	0.08449522	0.12556899	0.12722329	0.16611976	0.16721613	0.20837813	0.20891567	0.25179224	0.29246405	0.33317464	0.37615749	0.41862435	0.46253178	0.51869229
0.0438685	0.0455675	0.08749876	0.08749709	0.13003488	0.13173606	0.17204395	0.17317903	0.21579814	0.21665024	0.2613023	0.30315137	0.34560759	0.38953031	0.43406667	0.4792199	0.53755938
0.04538363	0.04711847	0.09052427	0.09109993	0.13512483	0.13686119	0.17832149	0.17976647	0.22387598	0.22445248	0.27034981	0.31395654	0.35789531	0.403624	0.44968541	0.49696152	0.55687718
0.0469085	0.04897424	0.09386398	0.09415608	0.13967701	0.14144907	0.18464647	0.186123	0.23202596	0.23261435	0.28033831	0.32543526	0.37086612	0.41842234	0.46601943	0.51485578	0.57695491
0.0484423	0.050554	0.0972308	0.09753444	0.14485949	0.14667343	0.1913225	0.19284007	0.24024336	0.24085429	0.29041898	0.33731238	0.38394533	0.43334605	0.48248855	0.53319448	0.59783371
0.05029187	0.05243958	0.1006295	0.10124371	0.1497851	0.15193503	0.19805935	0.19959628	0.2488386	0.24945346	0.30058846	0.34930319	0.39774923	0.4487085	0.50002262	0.55231262	0.61896844
0.0518576	0.05434774	0.10438019	0.10468023	0.15507387	0.15756038	0.20519196	0.20672843	0.25785216	0.2584461	0.31119122	0.36143895	0.41203736	0.46456816	0.51746608	0.57229303	0.6411597
0.05408684	0.05627786	0.10789671	0.10814828	0.16111688	0.16293316	0.21278126	0.21393594	0.26704841	0.26753648	0.32264484	0.3744431	0.42692661	0.48137909	0.53619997	0.59235482	0.66411838
0.05562643	0.05823149	0.11194839	0.11230436	0.16637462	0.16869041	0.22019756	0.22155803	0.27633725	0.27738931	0.33382456	0.38778468	0.44178868	0.49844226	0.55514376	0.6135245	0.68768745
0.05786921	0.06050029	0.11578691	0.1161159	0.1724359	0.17474222	0.22781428	0.22979108	0.28620543	0.28719413	0.34596718	0.40181523	0.45770565	0.51628954	0.57525351	0.63559521	0.71245468
0.05980188	0.06247575	0.1199882	0.1203227	0.17855096	0.18089446	0.23615604	0.23783129	0.29648937	0.29749535	0.35855063	0.41629796	0.47409055	0.53495591	0.59587108	0.65852072	0.73846239
0.06208764	0.06480302	0.12388673	0.12456613	0.18505636	0.18777616	0.24423377	0.24627519	0.30686204	0.3082241	0.37124534	0.4309074	0.49095666	0.55446809	0.61734726	0.68232953	0.76504149
0.06439555	0.06715374	0.12849864	0.12919225	0.19196325	0.19404115	0.25340627	0.25548951	0.31835213	0.31905834	0.38473368	0.4466695	0.5089987	0.5744953	0.63969693	0.70703321	0.79289437
0.0663746	0.06953357	0.13315183	0.1338801	0.1985822	0.20142577	0.26266224	0.26446029	0.32959538	0.33070675	0.3986863	0.46291725	0.52754757	0.59503944	0.66293567	0.73264571	0.82240418
0.06871732	0.07226103	0.13819781	0.13890714	0.20595861	0.20844468	0.27235062	0.27448295	0.34199113	0.34270307	0.41310877	0.4800106	0.54696191	0.6171712	0.68743439	0.75953662	0.85289461
0.07179758	0.07466918	0.14292979	0.14365076	0.21340081	0.21627676	0.282482	0.28464383	0.35449936	0.35521835	0.42873119	0.49797385	0.56726383	0.64021669	0.71322802	0.78773847	0.88507989
0.07418186	0.07745938	0.14842005	0.14915553	0.22162295	0.22418334	0.29269279	0.29489363	0.36782653	0.36893835	0.44447799	0.51643992	0.58845145	0.6641739	0.73995497	0.81762259	0.91864126
0.07694962	0.08026466	0.15432608	0.15506576	0.22991672	0.23286938	0.30408638	0.30630247	0.38163383	0.38274548	0.46145717	0.53616178	0.6109193	0.68943432	0.76800705	0.84886341	0.95435247
0.08011246	0.08346935	0.15991113	0.16066307	0.23902472	0.2420185	0.31520504	0.31820511	0.39630076	0.39743566	0.47895128	0.55679614	0.6343236	0.71565117	0.79741428	0.88148885	0.99189514
0.08292889	0.08670073	0.16629608	0.16705195	0.24783674	0.25123643	0.32792435	0.33019279	0.41184938	0.41298501	0.49772762	0.57836757	0.65906313	0.74398536	0.82896839	0.91629048	1.0315683
0.08613723	0.0899856	0.17310021	0.17393013	0.25783588	0.26099762	0.34072109	0.34353977	0.42825164	0.42919757	0.51775851	0.6012042	0.68547273	0.77363282	0.86185507	0.95321094	1.06890598
0.08976122	0.09399692	0.17958723	0.18035182	0.26832009	0.2713974	0.35441229	0.35710204	0.44520008	0.44672908	0.53875937	0.62542072	0.71291438	0.80511658	0.89699545	0.99165415	NaN
0.09340853	0.09769061	0.18727543	0.18805094	0.27926012	0.2827622	0.36896558	0.37208007	0.46341534	0.46496989	0.56105974	0.65173693	0.74247419	0.83796367	0.93430716	1.03306889	NaN
