0.60385649	0.176427899	0.018689962	0.011509456	0.00807358	0.001885913	0.000642429	0.001697791	0.000466897	0.000781275	0.002177277	0.000778751	0.000491715	0.000615808	0.000901532	0.000754293	0.000706459	0.000728753	0.000465093	0.000915499	0.000579842	0.000857895	0.000729835	0.000539549	0.000452864	0.000616168	0.000478765	0.000460536	0.000397752	0.00053016	0.000562211	0.000595839
0.536307783	0.133644846	0.018013684	0.013842023	0.009916069	0.002259617	0.002821565	0.004184468	0.000682115	0.000935374	0.002620391	0.001273016	0.00060309	0.000826923	0.000404898	0.000470682	0.00058382	0.000664998	0.000506482	0.000905777	0.000361564	0.000509734	0.000633868	0.000459292	0.000459292	0.000411611	0.000711696	0.000484908	0.000460986	0.00035492	0.000444314	0.000573663
0.446211479	0.096266442	0.016110363	0.017456744	0.010472753	0.002705481	0.002757795	0.003058604	0.001098246	0.001135326	0.004508895	0.001661346	0.00065501	0.000848315	0.00069209	0.00097982	0.000612899	0.000654315	0.000680448	0.000652135	0.000510426	0.000873753	0.000676855	0.000745123	0.000851908	0.000716091	0.00063029	0.000693527	0.000548765	0.000238602	0.000637765	0.000427559
0.276840636	0.042994382	0.011705099	0.013558253	0.003998195	0.001910028	0.001016535	0.00200061	0.000623232	0.000820909	0.002789959	0.001050791	0.000538373	0.000835996	0.000595559	0.000554025	0.00050769	0.00057448	0.000483899	0.000597648	0.000568442	0.000515891	0.000510078	0.000559723	0.000745415	0.000805314	0.001037613	0.000838709	0.000855903	0.000561153	0.000849559	0.000663721
0.129938238	0.016055411	0.015605431	0.011834752	0.001628168	0.001806603	0.002569067	0.004299904	0.001662439	0.001037486	0.001983035	0.001236455	0.000528938	0.000824351	0.000790224	0.000437431	0.001009726	0.000824494	0.000941328	0.00079702	0.000638976	0.000481074	0.0007146	0.000506187	0.000583742	0.000796877	0.00040545	0.000425984	0.000451656	0.000543932	0.000646719	0.000388963
0.057202341	0.011278035	0.020732329	0.012340972	0.004219629	0.004029428	0.004700286	0.007241212	0.001599472	0.002291353	0.003673952	0.001321275	0.000843734	0.000592209	0.000292407	0.000922383	0.000727319	0.000925499	0.000692988	0.000462167	0.000477541	0.000925499	0.000312266	0.000654115	0.000779877	0.000670858	0.000809084	0.000585978	0.000641385	0.000602516	0.000629686	0.000484023
0.058670415	0.039992506	0.027800397	0.014576978	0.010900967	0.004198522	0.005614236	0.006198989	0.001189513	0.002017364	0.004726376	0.001110784	0.000635535	0.000492654	0.000746293	0.000927052	0.000740539	0.000871721	0.00061511	0.000737661	0.000559779	0.000746388	0.001055358	0.00059478	0.000741738	0.000300524	0.000508976	0.000730963	0.000544736	0.000648378	0.000840679	0.000536385
0.166474311	0.100601828	0.028485102	0.017680582	0.018222437	0.003494598	0.003937655	0.00502221	0.001171743	0.001157252	0.004144446	0.001014562	0.000548664	0.000643956	0.000780507	0.00148046	0.000772156	0.000623326	0.000600485	0.000803348	0.000691355	0.000511333	0.000559226	0.000585995	0.000279489	0.000745387	0.000695777	0.000681287	0.000540193	0.000724165	0.000358227	0.000443736
0.340940688	0.167875125	0.023512374	0.018960592	0.019061522	0.001000584	0.001418721	0.003577028	0.002005409	0.001764766	0.002912773	0.002172956	0.000448208	0.000814145	0.00101053	0.000564558	0.000732106	0.000780836	0.000760943	0.000703269	0.000684379	0.000704272	0.000723162	0.000549472	0.000442207	0.000451896	0.000670577	0.000405036	0.000689447	0.000522992	0.000566067	0.000513974
0.608959057	0.267703805	0.021490854	0.020112815	0.019808051	0.001923002	0.003416256	0.00681985	0.002481554	0.002573547	0.002121475	0.002358174	0.000646372	0.000384473	0.000709649	0.000976611	0.001074449	0.000488432	0.000537351	0.000666574	0.000933831	0.000734511	0.000476412	0.0005323	0.000729347	0.000250186	0.000459715	0.000968097	0.000796619	0.000588614	0.000520491	0.000449498
0.902116903	0.353435041	0.013298553	0.016321038	0.011547061	0.00431207	0.006789938	0.008052012	0.001776617	0.003230343	0.001779621	0.00140197	0.001078547	0.001041276	0.000889545	0.001914041	0.000740816	0.000572128	0.000798047	0.000575131	0.00048063	0.000826662	0.000496085	0.00080105	0.000582874	0.000508244	0.000932865	0.00067616	0.000534178	0.000420194	0.000750554	0.000938917
1.196112153	0.440094947	0.012598097	0.01458605	0.004233818	0.007015794	0.010619804	0.009998689	0.002252627	0.001530086	0.003380873	0.001294391	0.00123257	0.001288595	0.001108926	0.001297289	0.000781465	0.000633672	0.000596	0.000905108	0.000590204	0.000979487	0.000447241	0.000503267	0.000979487	0.000570884	0.000288823	0.000503267	0.000410559	0.0005185	0.00053392	0.000518821
1.422344688	0.509646576	0.017433345	0.01407659	0.002214707	0.008445697	0.008381768	0.010021113	0.002415167	0.001187345	0.004773473	0.001617179	0.000929059	0.000658244	0.000903037	0.001559704	0.000775822	0.000637041	0.000673664	0.000667881	0.000856777	0.000697758	0.00062644	0.000425979	0.0008163	0.000842321	0.00080088	0.000714142	0.000356144	0.000641592	0.000741708	0.000496279
1.719767588	0.584611089	0.026035412	0.01464012	0.006300163	0.00497744	0.00539834	0.004880343	0.002853376	0.002365586	0.003412803	0.001560468	0.000990973	0.000657292	0.001057286	0.001042471	0.001100756	0.001094949	0.000411695	0.000629978	0.000483045	0.000467076	0.000601433	0.000713921	0.000883231	0.000734059	0.000790303	0.000806272	0.000490927	0.000557172	0.000648697	0.000392766
1.810929361	0.606155703	0.033141963	0.012754341	0.011915497	0.002249504	0.002175597	0.004029017	0.003567867	0.00325135	0.002237377	0.003652113	0.000959849	0.000952609	0.001710827	0.001836011	0.000639713	0.000632473	0.000355645	0.000450751	0.000754038	0.00070349	0.000561456	0.000531377	0.000509691	0.000741368	0.000615635	0.000426974	0.000384662	0.000372787	0.000637145	0.000557942
1.848505005	0.589321417	0.034200908	0.012459198	0.020542752	0.001572831	0.002682104	0.0048231	0.00239761	0.002584416	0.001967235	0.002380777	0.001572831	0.001507155	0.001707489	0.001487018	0.000505792	0.000850138	0.000490613	0.000839253	0.000574774	0.00052593	0.000660587	0.000455296	0.00052593	0.000522625	0.000689294	0.000694252	0.000626727	0.000432996	0.000643548	0.000522901
1.747064351	0.545724818	0.039364929	0.015947187	0.032482237	0.005338931	0.006552943	0.00898619	0.001868004	0.001854082	0.001133679	0.001223584	0.000822779	0.001069295	0.001503741	0.001341331	0.000463739	0.000729975	0.000718954	0.000550743	0.000926027	0.000741574	0.000497959	0.000738674	0.000548422	0.000631949	0.000435896	0.000637748	0.000564773	0.000453796	0.000517897	0.000634453
1.586617667	0.482219461	0.040249415	0.01819227	0.037147657	0.009222134	0.01066821	0.01318652	0.00101534	0.002033215	0.002575205	0.00102824	0.000927351	0.000662229	0.001171744	0.001482241	0.000469436	0.000776018	0.001062448	0.000611784	0.000986781	0.000570325	0.000333761	0.000620769	0.000721658	0.000607869	0.000570325	0.000629755	0.000869279	0.000550736	0.000553828	0.000367844
1.582285463	0.450595614	0.031832904	0.019373804	0.040407057	0.010697831	0.01273325	0.010614699	0.00262997	0.001403492	0.002847614	0.001648231	0.001046652	0.0020723	0.002426329	0.000812195	0.000781378	0.000611365	0.000662744	0.000677683	0.000886743	0.00049525	0.000703852	0.000663769	0.000759338	0.000478816	0.000776802	0.000903177	0.000812593	0.000716485	0.000633624	0.000593978
1.068157842	0.319589266	0.027011185	0.017281173	0.033319045	0.010363129	0.013182284	0.011208743	0.002364499	0.002894218	0.00413502	0.00211745	0.002190322	0.001175321	0.002285208	0.001613771	0.000812573	0.000775577	0.000535102	0.001135	0.00064609	0.00029597	0.000856184	0.000529832	0.000875068	0.00080658	0.000666035	0.000693656	0.000621816	0.000557624	0.0006662	0.000766101
0.91247913	0.245875405	0.019350593	0.019720705	0.024044275	0.008836981	0.012221039	0.010634477	0.002169605	0.003481817	0.003436443	0.002825711	0.001950457	0.002114549	0.002117007	0.003005273	0.001263293	0.00056254	0.00081916	0.001249703	0.000667405	0.000803112	0.00083275	0.000684706	0.000615599	0.000460181	0.000451507	0.000724174	0.000355612	0.000536976	0.000621961	0.000503743
0.707798991	0.179821926	0.013951878	0.015785003	0.016175748	0.005236346	0.005789938	0.0049731	0.002230514	0.003867317	0.003480845	0.001140418	0.00082914	0.000921503	0.000687567	0.001995367	0.001164634	0.000883088	0.000385045	0.00051846	0.000940537	0.000827539	0.000436797	0.000868372	0.000809023	0.000696024	0.000555492	0.000596325	0.000355208	0.000521363	0.000926729	0.000949626
0.457805765	0.104042103	0.009361644	0.011538772	0.007757462	0.003050848	0.002954897	0.004054909	0.001376463	0.001764635	0.001299132	0.001319177	0.001408001	0.001372186	0.000759148	0.001559813	0.000668899	0.000538558	0.000448308	0.000518512	0.000850823	0.000484123	0.000648853	0.000333737	0.000189052	0.000651704	0.000794963	0.000852249	0.00032338	0.000888136	0.000401336	0.000805311
0.240031137	0.046649927	0.01052946	0.006778962	0.00281909	0.002427743	0.003746116	0.003694961	0.001172743	0.001793929	0.000708151	0.001059064	0.00141192	0.001786092	0.001621294	0.001155774	0.000787445	0.000601458	0.000703769	0.000610591	0.00084372	0.00094128	0.00074104	0.000661747	0.000382213	0.001015822	0.000810831	0.000932147	0.000434749	0.000682958	0.000869497	0.000515072
0.101058325	0.014168233	0.013994639	0.006426844	0.003275857	0.00363599	0.006753288	0.006421136	0.001334316	0.002059747	0.000639942	0.000768355	0.002354575	0.003231311	0.002852524	0.001764887	0.001445991	0.000838578	0.000809809	0.001825412	0.000639942	0.000596926	0.001043091	0.001043091	0.000459111	0.00067725	0.000721796	0.000495398	0.000521562	0.000872465	0.000668354	0.000314854
0.043017439	0.005278131	0.016352863	0.005092694	0.009332895	0.009537783	0.011135411	0.011551822	0.001343715	0.002031525	0.001410171	0.002498365	0.002570462	0.002068872	0.003262683	0.002607809	0.001228561	0.001338006	0.000836416	0.001060499	0.000745645	0.000895033	0.000960906	0.000969728	0.000581677	0.000332696	0.000682534	0.000374193	0.000913506	0.000632432	0.000524115	0.000429353
0.106540077	0.031529778	0.025734189	0.004335538	0.02467478	0.015950951	0.021144132	0.013478997	0.002896509	0.00270827	0.002655695	0.003438035	0.002035233	0.00232476	0.002365591	0.002117032	0.000705201	0.000516819	0.000787578	0.001474506	0.000450619	0.000616307	0.000689804	0.00072848	0.000622111	0.000975247	0.00031409	0.001015364	0.000270596	0.001163042	0.000582096	0.000768812
0.275084802	0.099887719	0.031027611	0.006445575	0.042008625	0.020513287	0.022178328	0.014916714	0.001787884	0.002847169	0.003404953	0.00395035	0.002223708	0.001933465	0.001787884	0.001954723	0.000498907	0.000748936	0.001120987	0.000830744	0.000785726	0.000554461	0.000804444	0.000710856	0.000685623	0.000540502	0.001392273	0.000581176	0.000788176	0.000624098	0.000413339	0.000956028
0.581615387	0.198074518	0.03601611	0.006685167	0.052715069	0.019654938	0.024587767	0.016271953	0.001683618	0.001701926	0.003077584	0.003306651	0.000854423	0.000724445	0.001708217	0.000728219	0.000911863	0.000456246	0.000747785	0.001494942	0.000790692	0.000788176	0.000871473	0.00047707	0.000729799	0.000465148	0.000672441	0.000859859	0.000647004	0.000478952	0.000627397	0.00064203
0.911362455	0.296402484	0.047388838	0.009420322	0.074244988	0.02011691	0.018927156	0.015549287	0.002247561	0.001392668	0.003935253	0.001061538	0.001062782	0.001416006	0.001517774	0.000684976	0.000808839	0.001182914	0.001267562	0.001561963	0.000676693	0.001290374	0.001364318	0.000543093	0.00049856	0.000667855	0.00043725	0.000662881	0.001171029	0.000873226	0.001056465	0.000936143
1.602102499	0.493629586	0.047070069	0.012708004	0.095874305	0.015582869	0.018798403	0.012185166	0.001135534	0.001117869	0.002764113	0.000868895	0.002357725	0.003647799	0.001338925	0.001309005	0.342757102	0.001215769	0.001513261	0.002215948	0.000971907	0.001268959	0.000678792	0.000766868	0.001142361	0.000901376	0.001272141	0.000779556	0.001104897	0.00111188	0.0012975	0.001742252
2.331480034	0.753741639	0.049279323	0.014650859	0.10374351	0.010112177	0.012104865	0.008910978	0.000488489	0.001392089	0.001178777	0.001087376	0.004312749	0.003699898	0.002792873	0.00241465	0.002001384	0.001188947	0.001532128	0.001791259	0.001374568	0.001539132	0.001195929	0.001213451	0.001020848	0.001153905	0.001266015	0.001094358	0.001096597	0.00095785	0.00122286	0.001277431
3.073709849	0.947904924	0.036833645	0.013079092	0.110697464	0.006762022	0.006572627	0.005673004	0.001974597	0.002007901	0.000946972	0.002339342	0.004396553	0.004583986	0.003416054	0.00141163	0.001096597	0.000646117	0.001547077	0.001101233	0.001643736	0.000801983	0.001643736	0.001096597	0.001054509	0.001168288	0.000574425	0.000668096	0.001362857	0.001195836	0.001173175	0.000710237
4.058615911	1.258953569	0.043068196	0.014236551	0.115372075	0.002407264	0.004135477	0.004998727	0.002491567	0.001679722	0.001227021	0.002511787	0.003492238	0.004335268	0.00398709	0.001373695	0.001049161	0.00150015	0.001606385	0.001142718	0.001258207	0.001300358	0.001679722	0.001553267	0.000923736	0.001278426	0.00195465	0.125719567	0.00128175	0.001112887	0.001035678	0.001879994
5.162200982	1.577488605	0.02859093	0.008339011	0.099597905	0.002156617	0.001884435	0.003718789	0.003129526	0.001894714	0.001373404	0.005741629	0.001717866	0.001197318	0.002525243	0.003242564	0.001696618	0.001216205	0.002227164	0.001981574	0.00202997	0.001208982	0.001776675	0.002344368	0.001711131	0.000847927	0.00133563	0.001005126	0.001717803	0.001297953	0.001405145	0.001675521
7.133333286	2.11694402	0.020237475	0.006762011	0.092221699	0.004615631	0.006411145	0.004973545	0.001720776	0.003084933	0.002182909	0.00782909	0.001163735	0.001331894	0.000951353	0.000472332	0.000663717	0.002185882	0.002690297	0.002332384	0.001024604	0.001314634	0.000790564	0.001021631	0.001382517	0.001588369	0.000894784	0.001300926	0.000590402	0.001580079	0.001399825	0.00129234
7.714407148	2.325551232	0.019090411	0.003614845	0.058725561	0.009647421	0.016936097	0.00968712	0.004057849	0.002790734	0.001328404	0.007773357	0.001236454	0.001633297	0.001326007	0.000744047	0.002453593	0.001877069	0.002734273	0.001787085	0.00187013	0.001405978	0.00090513	0.001399217	0.001114281	0.001177799	0.001087672	0.0008336	0.001288099	0.00155859	0.001129224	0.000683657
10.26756516	3.059458418	0.011959244	0.001922894	0.036555044	0.024101521	0.026886351	0.011662398	0.002558992	0.001739265	0.004933362	0.002191337	0.002869841	0.002445776	0.001993704	0.000933143	0.001176931	0.001288546	0.002004157	0.002258447	0.001357208	0.001371742	0.001343205	0.001456422	0.001001855	0.001956449	0.001002302	0.00176562	0.001543078	0.00140172	0.001925284	0.001076535
10.72201864	3.117865487	0.009810843	0.001798479	0.019833127	0.033969207	0.033634777	0.021388492	0.001160873	0.002591401	0.006737048	0.003030031	0.00520982	0.001968349	0.002010219	0.000771589	0.001577271	0.001528823	0.001720598	0.000844262	0.002994841	0.001306318	0.001608673	0.001369795	0.000877558	0.001373209	0.001387763	0.000906069	0.001067917	0.001110497	0.001452343	0.000968295
13.86608647	3.979033729	0.005353644	0.004228886	0.009397281	0.039396704	0.055229405	0.019022125	0.001409662	0.000656778	0.00784525	0.001265502	0.004180783	0.004725337	0.003155697	0.001866068	0.002221195	0.001295814	0.001409495	0.001139151	0.001637526	0.000384493	0.001908003	0.001139151	0.000939641	0.001139018	0.000882867	0.000896927	0.000780783	0.001159499	0.001186643	0.001209398
18.69949595	4.010524518	0.00486181	0.006449651	0.001901111	0.047011768	0.051919639	0.020715647	0.001251026	0.001276626	0.006642117	0.001638012	0.00433253	0.006184497	0.001179365	0.001685101	0.002479535	0.001709673	0.002333131	0.001781334	0.002386033	0.002535272	0.002086642	0.001315866	0.003080476	0.002406847	0.001010444	0.002190837	0.000770877	0.001349036	0.001301659	0.001445797
21.72385845	5.011619905	0.005492904	0.015715462	0.012961181	0.040375512	0.057623895	0.026017918	0.001959581	0.0008245	0.00623949	0.003822714	0.002963663	0.003614291	0.003132091	0.002047844	0.001360367	0.002523821	0.002152479	0.003523285	0.000674919	0.001686696	0.001421105	0.001084649	0.002385103	0.001654375	0.001614627	0.001927595	0.000889438	0.001211568	0.001597467	0.000741008
23.2356156	5.471135481	0.007165099	0.02609889	0.038158238	0.033768635	0.057549668	0.023831733	0.000964748	0.002413101	0.004342596	0.010445242	0.003041418	0.003306108	0.001568331	0.000602352	0.002655519	0.00234136	0.002413101	0.004390834	0.001157697	0.000797764	0.001254172	0.001977733	0.000941245	0.002051936	0.002147179	0.000989482	0.001159104	0.000869328	0.000753895	0.001043671
24.00629951	5.255478222	0.012857348	0.037005343	0.083321197	0.03246552	0.036812159	0.025655785	0.002281823	0.003252461	0.002878919	0.012323733	0.002685735	0.001236855	0.001753383	0.000627848	0.002603871	0.00343963	0.002637439	0.003555063	0.001195488	0.001552017	0.000719605	0.001191832	0.000772736	0.001367015	0.001367015	0.000865215	0.001065924	0.001016443	0.000774703	0.001113139
24.44233183	6.30677081	0.018135065	0.059593551	0.151382395	0.021616128	0.027031114	0.020020641	0.002999848	0.001419344	0.001308798	0.013445301	0.001499924	0.00101531	0.000820784	0.001016443	0.000681406	0.001628852	0.001790012	0.0020835	0.001551671	0.001062525	0.001163754	0.00159662	0.000390184	0.000838034	0.001161487	0.00092088	0.001693908	0.001318299	0.001881712	0.00102213
27.98860916	6.77928629	0.025482272	0.085978979	0.235623635	0.00897877	0.014447672	0.015034226	0.002590318	0.002638715	0.001966937	0.014647047	0.001149967	0.002154741	0.001924325	0.001295159	0.001209934	0.002226279	0.001397739	0.00254192	0.001585543	0.00172495	0.001537146	0.001984292	0.00091955	0.001360911	0.002123699	0.000768573	0.001005832	0.001114227	0.002313838	0.001222622
25.78140481	6.39109746	0.025749546	0.121815299	0.342577597	0.001914775	0.005257456	0.014510386	0.001447587	0.002288404	0.006323239	0.014171273	0.002932113	0.002271146	0.001598674	0.001591811	0.001538723	0.000980399	0.00168981	0.001968972	0.001932033	0.001108474	0.001932033	0.001211116	0.002362283	0.000587089	0.001872083	0.00174976	0.001078107	0.001219766	0.001458398	0.001417513
30.26931241	7.620117142	0.038949924	0.152020621	0.443182515	0.001704631	0.001070505	0.010439817	0.001260651	0.001264452	0.014957149	0.009712518	0.005878278	0.006463917	0.00442368	0.001406111	0.001850091	0.001559172	0.001850091	0.001122793	0.002237984	0.001760719	0.002148612	0.000824272	0.002379643	0.001062904	0.002148612	0.000682613	0.001566315	0.001222133	0.001416231	0.001072048
38.28534772	7.929538887	0.038255287	0.197658003	0.652234757	0.0090876	0.007183484	0.006709904	0.001005479	0.000988533	0.026075658	0.005743926	0.008024574	0.007675881	0.005064585	0.001658853	0.002682377	0.003110074	0.001420742	0.003749914	0.001275169	0.001319182	0.001420742	0.001028035	0.002201644	0.00185295	0.000776391	0.001513279	0.001515527	0.000631301	0.001339491	0.001680434
34.66637417	8.496272756	0.051066593	0.22749097	0.804305927	0.03575046	0.025358272	0.00821602	0.003311296	0.002437186	0.037226531	0.002067916	0.008568236	0.010455202	0.005642254	0.001077461	0.002650655	0.004156066	0.003270828	0.007147664	0.000898968	0.001941887	0.000941893	0.001164901	0.000631301	0.001009677	0.000805314	0.000796208	0.001020463	0.00097187	0.000945624	0.0020521
40.1800789	10.12037314	0.051116445	0.286017337	0.961855483	0.067103701	0.057190631	0.005816146	0.004393813	0.005550831	0.063750751	0.001648281	0.005816146	0.010297921	0.004212561	0.001453907	0.004844277	0.005195605	0.003046318	0.009120503	0.000803741	0.000740076	0.001091405	0.001736243	0.001696874	0.00078867	0.001614759	0.001102579	0.001645209	0.001053934	0.001878893	0.001341208
35.8350257	8.901317402	0.056695301	0.324462344	1.094818058	0.115938392	0.092084738	0.009281275	0.011871938	0.013045069	0.103180598	0.010517008	0.005126438	0.003757786	0.008037828	0.003708905	0.00406479	0.003708905	0.00462992	0.0071091	0.001208289	0.001843735	0.000817245	0.001403811	0.001020481	0.001487849	0.001243447	0.000830967	0.001481242	0.00125089	0.001452919	0.001515983
34.30410123	9.558820255	0.057223886	0.366826794	1.300917008	0.170580313	0.166032363	0.01763329	0.020253455	0.021853082	0.125883258	0.030474117	0.004017763	0.005030558	0.008062525	0.008649357	0.001809399	0.002326749	0.002815776	0.006762732	0.00087383	0.001069441	0.000900828	0.000621574	0.002102816	0.001265051	0.002243105	0.001222567	0.000958372	0.002113777	0.001692229	0.001184224
38.17999266	9.917944923	0.052748601	0.419481614	1.488516174	0.252553513	0.228336219	0.030145792	0.036271323	0.042034283	0.173199065	0.053580306	0.001594382	0.003264047	0.005889626	0.011212271	0.000998581	0.000723805	0.001623201	0.004324064	0.002436139	0.003296663	0.001741153	0.000929553	0.00363913	0.003834825	0.00416724	0.001575615	0.00154959	0.001419191	0.000554423	0.001207332
39.9892118	10.29585955	0.051254427	0.445349225	1.702899707	0.323934946	0.31493042	0.028775637	0.057812071	0.059378075	0.20491861	0.099115437	0.002235023	0.004176318	0.006721177	0.026524506	0.001398393	0.000801587	0.001230607	0.002777852	0.002969189	0.003279128	0.001631662	0.001468435	0.002642938	0.001876045	0.002022858	0.003327759	0.000980366	0.001027938	0.001088781	0.001934191
40.37741627	10.44208989	0.05139554	0.484157577	1.820085812	0.441487647	0.407922314	0.043458737	0.069262087	0.082625285	0.268738065	0.153846727	0.004634835	0.002551381	0.004802662	0.035179288	0.005114529	0.00645995	0.00620331	0.001431427	0.004677185	0.003292222	0.007250527	0.006033391	0.001468483	0.001883865	0.002790118	0.003352349	0.001675455	0.001577539	0.001675455	0.001544875
40.43263941	10.63990747	0.050274312	0.533439391	1.975003453	0.464115067	0.45628181	0.042685844	0.08547501	0.110492475	0.292762572	0.216828937	0.00696836	0.002736234	0.005624748	0.035233362	0.015209599	0.016765363	0.010961154	0.00424304	0.004574857	0.004596633	0.008431639	0.008170556	0.001547986	0.000932516	0.002424594	0.004942427	0.004037519	0.001799978	0.002986448	0.00145727
48.9354664	12.21460451	0.05468321	0.639943104	2.411613205	0.559980432	0.500741052	0.053312382	0.095905985	0.15313808	0.310685456	0.260552295	0.012929764	0.005711932	0.005780998	0.050374892	0.033179101	0.031220775	0.021930198	0.009581266	0.004086477	0.006056278	0.008835419	0.012236481	0.001811452	0.00120942	0.000783331	0.001713536	0.005968629	0.006017586	0.007339443	0.005185306
49.6972786	12.5925116	0.044012436	0.584439846	2.150204077	0.583754439	0.567255704	0.057365768	0.139582472	0.173712963	0.33695882	0.341623786	0.012177838	0.010027908	0.003006689	0.063293854	0.043359667	0.04718678	0.04556697	0.024564129	0.005323764	0.006205002	0.009832077	0.018689208	0.004744687	0.004842602	0.00210518	0.001615603	0.008483404	0.011241646	0.009822077	0.0078151
49.95743497	12.61479623	0.044330226	0.62131163	2.255137738	0.657437216	0.612582096	0.065574811	0.126861035	0.189143277	0.368530433	0.329223055	0.01752227	0.011126739	0.001045657	0.060941504	0.061120301	0.063535889	0.057889558	0.023673048	0.004865914	0.011428391	0.01545633	0.026980714	0.006787136	0.007766149	0.006003926	0.00110886	0.016854749	0.010805997	0.013448812	0.011236499
50.20460079	12.66460751	0.04430069	0.62288133	2.257804767	0.76936877	0.722385399	0.070323325	0.1338138	0.198758523	0.414196856	0.356837991	0.024010103	0.012616814	0.001013257	0.077727401	0.076667012	0.071169305	0.066774581	0.037409974	0.007027572	0.009494556	0.016424247	0.034875008	0.010541359	0.015739073	0.004062104	0.000871864	0.013025506	0.012059414	0.013221202	0.012352957
44.13451331	11.23887549	0.050537687	0.637916983	2.325152512	0.803251513	0.748009539	0.074049248	0.137034988	0.196232801	0.443619555	0.361448517	0.020706545	0.012658884	0.001382251	0.067318555	0.079891975	0.080968299	0.064982596	0.033524584	0.004586455	0.008744979	0.01948345	0.031531092	0.010738471	0.011178785	0.005711702	0.001333327	0.009682946	0.013155388	0.010661137	0.00841168
49.9921528	12.66704005	0.042547096	0.6340545	2.304555525	0.775830438	0.735700295	0.074391315	0.138205596	0.193468291	0.416224117	0.35245883	0.027288878	0.018681488	0.001956205	0.076193817	0.074074596	0.075558051	0.066070547	0.035113518	0.005183764	0.005819709	0.013937602	0.030712147	0.011736961	0.011003384	0.003667706	0.00078266	0.009113498	0.005367802	0.008120469	0.005829806
50.01961037	12.61654445	0.040670855	0.618337613	2.257206521	0.624678578	0.631855173	0.066034712	0.12516789	0.182531497	0.348183043	0.315495127	0.020949862	0.012858937	0.003224604	0.067725584	0.059841212	0.054237569	0.04806368	0.022699823	0.004699246	0.005938049	0.014825127	0.02422362	0.007481457	0.006321354	0.002044889	0.000963485	0.004588208	0.006784061	0.003178361	0.003556575
49.73362941	12.71005114	0.056484153	0.580897542	2.127855634	0.602021454	0.569156577	0.057923577	0.129519551	0.192231603	0.321515557	0.349264376	0.016216133	0.008567363	0.002618434	0.04769071	0.039838838	0.042891212	0.035276779	0.014609784	0.009269907	0.00445562	0.012516941	0.020342665	0.002917945	0.001999352	0.002932734	0.001522887	0.002606163	0.001476979	0.002495584	0.001026865
49.19275355	12.25493408	0.052449944	0.653260134	2.343529744	0.51787024	0.515268207	0.053186369	0.09766641	0.136451434	0.315549877	0.238225303	0.007563116	0.00783422	0.004135776	0.052950201	0.024222632	0.027701361	0.026803624	0.009358589	0.005110006	0.006492925	0.00682833	0.010293732	0.001472849	0.000883709	0.001771548	0.002855767	0.001275421	0.000833929	0.001030148	0.000833929
42.66852208	10.61042922	0.053035888	0.536812788	1.921870663	0.468970215	0.42138721	0.041851429	0.080653653	0.108811019	0.267404683	0.173268821	0.005130119	0.004649882	0.006286813	0.038820351	0.01555814	0.009730947	0.009191346	0.002560793	0.005757521	0.005179174	0.00503201	0.002648951	0.001156693	0.001363221	0.002677387	0.003511316	0.001056147	0.001951547	0.001869859	0.000865099
40.40520529	10.43356064	0.055175103	0.483741959	1.722488381	0.406981104	0.409221683	0.038227482	0.072070473	0.085401922	0.254285606	0.151835106	0.00276263	0.003390835	0.006358476	0.025228357	0.004730817	0.00438449	0.00176205	0.000911592	0.005106279	0.0038417	0.003555793	0.002107545	0.001724404	0.002165518	0.00330177	0.003880962	0.000633753	0.001247268	0.001494938	0.001615943
39.97484468	10.12319046	0.053075611	0.439677685	1.603891024	0.313340338	0.279503475	0.028470625	0.045119732	0.049500949	0.196257937	0.079714183	0.001244437	0.003447995	0.005870494	0.021785082	0.001814646	0.001002428	0.001420071	0.002128691	0.003522862	0.002687576	0.002770605	0.001788746	0.001857952	0.002566572	0.003326991	0.005262641	0.0012955	0.001077744	0.001025669	0.000978332
42.09301009	9.98587703	0.050576588	0.421951287	1.467151918	0.227507869	0.214447141	0.024235798	0.026583794	0.030961038	0.146795507	0.042896684	0.004038661	0.004372284	0.008480374	0.013261126	0.000440249	0.001465918	0.002004	0.005549663	0.002908167	0.003348417	0.001978752	0.000904167	0.002810334	0.00229592	0.002542083	0.002248583	0.001785719	0.001174192	0.001393338	0.001539927
39.20070472	9.44119309	0.054436495	0.362518619	1.239563195	0.150159394	0.148302595	0.017373062	0.015271947	0.020867515	0.111215468	0.019939115	0.004522055	0.008993771	0.007014075	0.003715075	0.00320275	0.001979695	0.005922798	0.009529789	0.002198841	0.002321737	0.000929876	0.001223055	0.002127761	0.002640086	0.002004865	0.002078898	0.002049796	0.000930555	0.001659359	0.001171312
37.94517761	9.128412169	0.048205947	0.312434424	1.05397256	0.093691898	0.094179945	0.01248093	0.007746877	0.011114399	0.082434288	0.00457784	0.006432417	0.005111425	0.008384604	0.001844778	0.003754693	0.003256847	0.003465131	0.008973526	0.001311193	0.001021632	0.001122507	0.001070436	0.001994459	0.00097936	0.001060637	0.000790674	0.00091776	0.00066989	0.00117812	0.000739448
37.09301484	8.120641227	0.043119483	0.250075453	0.823225537	0.053793849	0.040491611	0.006855884	0.003935563	0.005247418	0.049017192	0.001413501	0.00812316	0.008468513	0.0039314	0.001250623	0.003456476	0.005401968	0.005397805	0.007249978	0.001068147	0.000816114	0.000527829	0.000735284	0.001710112	0.000970665	0.000978991	0.000974828	0.001635588	0.00100283	0.000963435	0.000915522
34.50315028	8.409673509	0.041985314	0.246512146	0.750284804	0.027918618	0.0168017	0.004000521	0.001761531	0.00100207	0.039454282	0.000574045	0.010016741	0.009373944	0.003835182	0.002150921	0.0029297	0.004243889	0.004195215	0.006794238	0.002832352	0.001586914	0.002394289	0.001070821	0.001119495	0.00123616	0.001450172	0.00115813	0.001416233	0.001605216	0.002511854	0.00088966
38.18167334	8.118620267	0.041748085	0.18898744	0.577865377	0.008822267	0.005843295	0.005170216	0.000955474	0.001437471	0.020748774	0.006467539	0.005951585	0.008968774	0.005306103	0.00144809	0.001925827	0.002571309	0.003314462	0.001155077	0.001280345	0.001144457	0.001019189	0.001361738	0.001535142	0.002131789	0.001887611	0.001063764	0.001188616	0.001052467	0.001647727	0.001257642
34.25334575	7.613291322	0.030581117	0.134977535	0.426565848	0.00129627	0.00134503	0.008882655	0.00152994	0.003139039	0.01129219	0.010881839	0.003401559	0.004900541	0.00304581	0.000914701	0.000731409	0.0015787	0.001481179	0.001745248	0.001393791	0.00194029	0.002505151	0.001881397	0.000936584	0.003090278	0.000818797	0.002115067	0.000844333	0.00107101	0.001765113	0.001570384
33.02661766	7.18673977	0.023335551	0.105608621	0.297124749	0.000973646	0.01033738	0.014913515	0.001464652	0.003181083	0.003274264	0.013984368	0.003517676	0.003862635	0.002231779	0.001517518	0.001022328	0.002385432	0.000592555	0.00099038	0.000499374	0.001513335	0.001915344	0.001185109	0.001115509	0.001477203	0.001517518	0.000884648	0.000810238	0.000866825	0.001490646	0.000940067
28.39351179	6.634339695	0.021449523	0.080304858	0.205888826	0.010959779	0.017269871	0.014702025	0.001725663	0.003345456	0.001158428	0.014839841	0.004001906	0.001976652	0.00082621	0.00130423	0.001349865	0.00218548	0.002300884	0.002408582	0.000493992	0.00148266	0.002017267	0.001393445	0.001458018	0.00148266	0.000785596	0.001539247	0.001649525	0.000792874	0.001075653	0.001140795
24.67019038	6.188422051	0.016277617	0.059998355	0.119914941	0.018566157	0.03471349	0.026562894	0.001900416	0.003024585	0.000921794	0.013277972	0.000889905	0.002305166	0.001027365	0.001375059	0.00147209	0.002547744	0.002490915	0.002119418	0.000924096	0.002182106	0.001370124	0.001355344	0.001027138	0.00053367	0.001585748	0.001876841	0.001272228	0.001866486	0.001043237	0.001320654
27.05599837	5.682022976	0.008091351	0.036891939	0.063636471	0.03186873	0.049011688	0.022377149	0.001769633	0.001320654	0.003006575	0.010512673	0.001696304	0.002557218	0.001535802	0.001363619	0.002377032	0.002848155	0.002799729	0.003755117	0.001575927	0.001078522	0.001333795	0.000849531	0.002095477	0.001730211	0.001245947	0.001562787	0.001063421	0.001394985	0.000939179	0.001025469
23.28258069	5.271322711	0.006277054	0.01849601	0.022808417	0.03947556	0.047218762	0.025907376	0.002137227	0.001412167	0.003202599	0.005938693	0.003221418	0.001567564	0.001432937	0.001073806	0.002791396	0.002275798	0.002687001	0.003598529	0.001103282	0.001708002	0.000606147	0.002042503	0.001401782	0.002448021	0.001229203	0.002340961	0.001143942	0.001478365	0.001013107	0.000916621
21.68366082	4.806498503	0.003885616	0.009258324	0.007987104	0.041591993	0.049611086	0.026540113	0.001188906	0.001254323	0.003441522	0.002408881	0.004128463	0.004224949	0.00499684	0.002295221	0.001137384	0.001926449	0.00163699	0.002939557	0.000995933	0.0013786	0.001605921	0.002198734	0.001557678	0.002505368	0.001540504	0.002198734	0.001238751	0.000798099	0.001575785	0.001279576
13.34944065	3.845637196	0.004698064	0.003068364	0.002923921	0.055336375	0.053651204	0.025381171	0.0015284	0.00171261	0.004657239	0.000697094	0.004292469	0.004725799	0.003405398	0.00161661	0.000722216	0.001548049	0.001011102	0.001211015	0.001499902	0.001712905	0.002338826	0.000922129	0.001363717	0.002250839	0.00149862	0.001516765	0.000666965	0.001438584	0.000505929	0.001339636
13.43539015	3.825760803	0.006672953	0.001342489	0.010228498	0.044582752	0.047705865	0.020030271	0.001390536	0.00204061	0.004657794	0.000717866	0.00410506	0.004258346	0.002760986	0.001929424	0.001608178	0.000910057	0.001992562	0.002133853	0.002614332	0.001393389	0.000839412	0.002108402	0.000791364	0.00126899	0.001365086	0.001317038	0.00140497	0.000947784	0.000947784	0.000792808
10.47928262	3.064178043	0.011809267	0.003946111	0.031983424	0.021968023	0.039100752	0.01572287	0.00123546	0.001441778	0.005900763	0.005480385	0.003756907	0.00333072	0.002681539	0.001947121	0.001468415	0.000944071	0.002370289	0.002107696	0.001965789	0.001932376	0.001176377	0.002315945	0.001294921	0.002160215	0.001232503	0.001294921	0.001235223	0.000887238	0.001010963	0.000945247
9.007581151	2.600016993	0.016209794	0.004010063	0.047450672	0.016427251	0.024964894	0.013100058	0.001261312	0.002170311	0.004062241	0.006332572	0.002078963	0.003035804	0.001648384	0.000904664	0.001641149	0.00080996	0.001915643	0.002808696	0.002108939	0.001598623	0.001308647	0.001621813	0.000817668	0.002066412	0.001327983	0.00149038	0.001108474	0.001644113	0.001127071	0.002206406
7.546251398	2.214268952	0.026103633	0.007038301	0.071386668	0.009171136	0.0116063	0.008992037	0.002445087	0.002360156	0.00235609	0.006770482	0.001201051	0.001728978	0.001132718	0.001047853	0.001872805	0.001719607	0.00216983	0.003765721	0.002309934	0.001538099	0.001031599	0.000936126	0.001557039	0.001686546	0.000896866	0.00118452	0.001343242	0.001130179	0.001490746	0.001048236
6.303543845	1.843242113	0.029671371	0.012238229	0.087210267	0.005927819	0.006189024	0.004569551	0.002618196	0.001284513	0.001831507	0.007644093	0.000960823	0.00130227	0.002188658	0.001343242	0.000833805	0.001407435	0.001277683	0.002188658	0.001365096	0.00083654	0.00159591	0.001743413	0.000918484	0.001617763	0.001386949	0.001660102	0.001857249	0.001522178	0.001124083	0.001615959
5.024231905	1.571049015	0.034550333	0.009177427	0.104293256	0.002038387	0.001899492	0.003025011	0.001926697	0.00226464	0.001124083	0.004756967	0.001361255	0.0031333	0.002057185	0.001914615	0.002172379	0.001853404	0.001249291	0.001201767	0.001953902	0.001549383	0.001872287	0.001446988	0.001531473	0.001139121	0.001615959	0.001265849	0.001024587	0.001371961	0.001546306	0.001103117
4.448643485	1.364930388	0.036784637	0.009859235	0.108348199	0.001187408	0.002140792	0.003252552	0.001566721	0.001297877	0.001440283	0.003421136	0.002725565	0.00372126	0.003531604	0.003691811	0.001725097	0.001225109	0.001666981	0.001530337	0.001355992	0.001440283	0.001608866	0.001540544	0.001608866	0.00189368	0.001793419	0.0014039	0.000908228	0.000985392	0.000716679	0.00081578
3.04673813	0.959627954	0.045951527	0.014840189	0.106220948	0.006849952	0.008701902	0.005864746	0.001381863	0.001155219	0.001523038	0.001941976	0.004283804	0.00379266	0.003011795	0.001355427	0.001080732	0.000784244	0.001332312	0.001352613	0.001046342	0.001161998	0.000897717	0.000762503	0.000986902	0.001607847	0.000879563	0.001072421	0.000631778	0.000776932	0.001239782	0.000755967
2.229783085	0.702121866	0.047658507	0.01572784	0.102861032	0.011617773	0.015371424	0.009311552	0.001176082	0.001009962	0.002854938	0.001135756	0.003881452	0.00306299	0.002790436	0.000568881	0.001343807	0.000860795	0.001533301	0.00207921	0.000777735	0.00119785	0.000672907	0.000568079	0.000651139	0.000903529	0.001237374	0.0009261	0.000617416	0.000494155	0.000458994	0.000568007
1.524860438	0.484856637	0.046105034	0.013858103	0.089438526	0.017683115	0.019962725	0.014148675	0.001477106	0.001019223	0.003336216	0.000431413	0.002206868	0.00204178	0.002194843	0.001274634	0.00093779	0.000331288	0.001669775	0.002439143	0.000786949	0.000565785	0.001102879	0.000703293	0.000694431	0.000521029	0.000914301	0.000805366	0.000876098	0.000959589	0.000375582	0.000375495
0.958068943	0.320086356	0.04771133	0.010013592	0.074289592	0.018233286	0.027704617	0.018587898	0.001773166	0.002711915	0.003817648	0.001585538	0.000959676	0.001230796	0.00154364	0.001397606	0.001105667	0.000917952	0.001126486	0.00110558	0.000563254	0.00127239	0.001543684	0.000417176	0.000542305	0.000604934	0.000479675	0.001022132	0.001045656	0.000397372	0.000773339	0.000877631
0.525515707	0.184621054	0.040735182	0.008974421	0.055946034	0.021025935	0.026026476	0.019247821	0.001798554	0.00251025	0.002425594	0.002718835	0.001548446	0.001066579	0.001882567	0.000856387	0.000565397	0.00046014	0.000690934	0.000731815	0.000752737	0.001191473	0.000376449	0.000794261	0.000809422	0.00071498	0.000471341	0.000808843	0.000584744	0.000895761	0.000563187	0.000479017
0.224563484	0.07624248	0.031066186	0.005803123	0.028830852	0.016415032	0.021938239	0.013747658	0.001543461	0.001688192	0.002271054	0.00550904	0.001690247	0.003587496	0.00172925	0.002042322	0.000525345	0.000750757	0.000730739	0.001236683	0.000768924	0.000767692	0.00120158	0.000637434	0.000750346	0.000895761	0.000625802	0.005174412	0.000521432	0.000812942	0.000438143	0.000625542
0.074587516	0.019192313	0.02353106	0.005957765	0.017118429	0.012870128	0.016681164	0.017264184	0.003056715	0.002982283	0.00200156	0.003281594	0.003312769	0.003228895	0.004457986	0.002875504	0.000882884	0.001238943	0.000807398	0.001558049	0.000618417	0.000713698	0.000993216	0.000712117	0.00090057	0.000619471	0.000656951	0.000468498	0.000477326	0.000837091	0.000332878	0.000499074
0.047819253	0.00490962	0.018543526	0.003731341	0.008467916	0.006155351	0.010053375	0.009672834	0.001979686	0.001709618	0.000768168	0.002007061	0.003894041	0.0023864	0.002243641	0.001986947	0.001335678	0.001142108	0.001598172	0.00130733	0.000834549	0.000847306	0.000972244	0.000865126	0.000748367	0.000408402	0.000297929	0.000387627	0.00064712	0.00090508	0.000379525	0.000301693
0.128979047	0.014697652	0.011526278	0.006187697	0.002039833	0.002960357	0.00420704	0.005348215	0.001215795	0.001601743	0.001212584	0.000777706	0.002358313	0.002371905	0.002479112	0.001649995	0.001442868	0.000954623	0.00075905	0.001427424	0.001563515	0.000917381	0.000958837	0.000751558	0.000379525	0.000805382	0.000961046	0.000889636	0.000551116	0.00045428	0.00083034	0.00046161
0.271553915	0.053611019	0.012099859	0.010048462	0.003213043	0.001962085	0.003566725	0.003361962	0.00204783	0.001522851	0.000517649	0.000741027	0.001280483	0.002480108	0.001603055	0.001706471	0.00079311	0.000640429	0.000506363	0.000640429	0.000677659	0.000815486	0.000938267	0.000833907	0.000506363	0.000629338	0.000398436	0.000852716	0.000780292	0.000854605	0.00057593	0.000448339
0.490402434	0.112722702	0.011130903	0.014103442	0.01127953	0.004164013	0.004275483	0.003633301	0.001483469	0.001488728	0.002330013	0.001939868	0.001170437	0.001470149	0.001111901	0.001358679	0.001101678	0.00079081	0.000599767	0.000586448	0.00057593	0.000488297	0.000533514	0.000623604	0.000727014	0.000766972	0.000517393	0.000605026	0.000911417	0.001075426	0.001056884	0.000903325
0.76499089	0.19392133	0.015938386	0.01661634	0.021492839	0.007205188	0.007702949	0.006611849	0.00345974	0.003335172	0.003451647	0.00331663	0.001809518	0.001676857	0.001880817	0.001587016	0.00075499	0.0008981	0.000508722	0.000481705	0.000935184	0.000707457	0.000662059	0.000500629	0.000855792	0.000545806	0.000317567	0.000476863	0.000763882	0.000307537	0.000628715	0.000655996
1.06536138	0.276138436	0.020011886	0.01553073	0.026057783	0.014012773	0.013361737	0.01159464	0.003363066	0.002976164	0.004469207	0.003669362	0.002414413	0.001599688	0.003060489	0.002149039	0.000720931	0.00055183	0.00110197	0.001347729	0.000651036	0.000655996	0.001070179	0.00054439	0.00054873	0.000442704	0.000995775	0.00072544	0.000514146	0.000532179	0.000637234	0.000563488
1.353125811	0.374787359	0.033848981	0.023238776	0.035780328	0.012034744	0.015253492	0.012102762	0.003176116	0.003423367	0.003548687	0.002024737	0.001725388	0.001820892	0.002198095	0.001961741	0.0009541	0.000993655	0.000520947	0.000757789	0.000656007	0.000692748	0.000644914	0.000695073	0.000655031	0.000615964	0.000531552	0.000762603	0.000599859	0.000400308	0.000781634	0.000480931
1.484932089	0.417896149	0.035676333	0.020622456	0.03628508	0.011419399	0.015572366	0.013958992	0.003001187	0.002240861	0.003771858	0.001482554	0.001238447	0.001557741	0.002201754	0.00211004	0.000571853	0.00061096	0.00064704	0.000721218	0.000629906	0.000734729	0.000513731	0.000797575	0.000831293	0.000680482	0.000343309	0.000495037	0.000508163	0.000754236	0.000653201	0.000293059
1.661829856	0.510812936	0.042394028	0.01916937	0.032772269	0.009466673	0.009641582	0.009971852	0.001844985	0.001431067	0.002703789	0.000602683	0.001336547	0.001054086	0.001380549	0.001030182	0.000447871	0.00070046	0.000599424	0.001201833	0.000831368	0.000582585	0.00070046	0.000861789	0.000723816	0.000562488	0.000427773	0.00022054	0.0003861	0.00069397	0.000589664	0.000369276
1.821910206	0.562821466	0.038079747	0.019305825	0.028607547	0.004282426	0.005899166	0.007628623	0.001742636	0.002837286	0.002231639	0.001050629	0.000838652	0.001456075	0.001491405	0.00208191	0.000799958	0.00120877	0.000985017	0.000456758	0.000552652	0.000783135	0.000537511	0.000732664	0.000534147	0.000806688	0.000725935	0.000688923	0.000734935	0.000336192	0.000475639	0.000252947
1.846354044	0.595074063	0.038462035	0.015662884	0.020601281	0.001601988	0.00327856	0.004344573	0.001626053	0.003341033	0.001611218	0.002080018	0.000845379	0.001312174	0.002241301	0.000931246	0.000441854	0.000847849	0.001030328	0.000842244	0.000585671	0.000805828	0.000752944	0.000490933	0.000840598	0.001013515	0.000636524	0.000403446	0.000450024	0.000502374	0.000677893	0.000689054
1.691001441	0.545294923	0.030341735	0.011634044	0.009939257	0.002625672	0.003617332	0.004347552	0.002593457	0.002836561	0.002840453	0.002451382	0.001363292	0.001290415	0.001908583	0.00177412	0.000715229	0.001206375	0.000408968	0.000761932	0.00071896	0.000588882	0.000900436	0.000393765	0.000633338	0.000955243	0.000792586	0.00053925	0.000441729	0.000405713	0.000621489	0.000436529
1.706444459	0.578661142	0.020646945	0.011961923	0.003338534	0.005957898	0.007298396	0.006985131	0.002238558	0.003078891	0.004211687	0.002059125	0.000606113	0.000667745	0.000739681	0.001243042	0.000680807	0.001414824	0.000680702	0.000568819	0.000770524	0.000619035	0.000423003	0.000473534	0.000883425	0.000816625	0.000498353	0.000408248	0.000387311	0.000647067	0.000947362	0.000327665
1.379342289	0.498628551	0.016473102	0.015435109	0.002514422	0.007924895	0.007636478	0.010326222	0.001690999	0.00210568	0.003986203	0.000622021	0.000851661	0.000952221	0.000810536	0.001522906	0.000829361	0.000801992	0.000498082	0.000734083	0.000596975	0.000786499	0.00063519	0.000480265	0.000649391	0.000598266	0.000489819	0.000740022	0.000716038	0.000476666	0.000560966	0.000431497
1.128236533	0.434427619	0.01183878	0.016010224	0.006304052	0.007637674	0.009697429	0.010970375	0.001716186	0.001643366	0.003729852	0.001100668	0.000917632	0.001103719	0.001450289	0.001585796	0.000765266	0.000890676	0.000634444	0.000452415	0.000813132	0.000498216	0.00052185	0.000653177	0.000656715	0.00055826	0.000493526	0.000403188	0.000635314	0.000420738	0.000605677	0.000564716
0.872807275	0.365948849	0.0175293	0.018818305	0.011475831	0.00437297	0.005349519	0.007432952	0.00240433	0.002504565	0.003269132	0.002117734	0.000834359	0.000873896	0.001092742	0.000749655	0.000697872	0.000819068	0.000955912	0.000497175	0.000806146	0.000456005	0.00089085	0.0005972	0.000812557	0.000647041	0.000519335	0.000811243	0.000563668	0.000674443	0.000560907	0.000536319
0.578324276	0.253491683	0.02362152	0.021726781	0.015058225	0.001672499	0.002995417	0.004058393	0.001656754	0.003370275	0.002621939	0.002330507	0.00066422	0.000767532	0.001026094	0.000465877	0.001028855	0.000578033	0.000493226	0.00082361	0.00085372	0.000562288	0.000562654	0.000691202	0.000892672	0.000692949	0.000464497	0.000766152	0.000553527	0.000603727	0.000555928	0.000500856
0.310520652	0.169636237	0.029426332	0.019624273	0.020858491	0.002606295	0.001955648	0.002923181	0.001646476	0.002036581	0.003139239	0.001703537	0.000426364	0.000800865	0.000976184	0.001396369	0.00075271	0.000735834	0.000740778	0.000548584	0.000858481	0.000769586	0.000464632	0.000599211	0.00044324	0.000735834	0.000584807	0.000495912	0.000416059	0.000449612	0.000610667	0.000533495
0.141250125	0.096617246	0.035579472	0.019788857	0.016963168	0.004319835	0.003730849	0.004370423	0.001002722	0.001284568	0.0048221	0.00060886	0.000510007	0.000926066	0.000731458	0.001003238	0.000663061	0.000901547	0.000865412	0.000843732	0.000842183	0.000690076	0.000556982	0.00058718	0.000473099	0.000567048	0.000489876	0.000583824	0.000778968	0.000819114	0.000577443	0.00045706
0.052678271	0.036853586	0.025376761	0.013440062	0.008764328	0.006515855	0.007467514	0.006407834	0.001506521	0.001735669	0.004941702	0.002363246	0.000545121	0.000518163	0.000603409	0.000869291	0.000616888	0.000688655	0.000604988	0.000531642	0.000571035	0.000859657	0.000753923	0.000497154	0.000666435	0.000470195	0.000390899	0.000435707	0.000725178	0.000508006	0.000386796	0.0004203
0.071923162	0.011539694	0.018408692	0.013449351	0.004750179	0.003636194	0.003476468	0.004716056	0.001552105	0.00212121	0.002758312	0.001463906	0.000630451	0.000928553	0.001674056	0.000921408	0.000533095	0.000983001	0.000772603	0.000555802	0.000969204	0.000474501	0.000630451	0.000637349	0.000616407	0.000542251	0.000582655	0.000562824	0.000604106	0.000579249	0.00048237	0.000462994
0.169598734	0.018265783	0.015359489	0.013474707	0.002802888	0.001039136	0.001384235	0.003214654	0.001160506	0.000846845	0.001544356	0.001230695	0.000869536	0.000705814	0.000657244	0.000397166	0.000450199	0.000604106	0.000674295	0.000847211	0.00059575	0.000495898	0.000473155	0.000706099	0.00050796	0.000476522	0.000502112	0.00038111	0.000695735	0.000477027	0.000502808	0.000528012
0.338296129	0.046736803	0.011278686	0.014810586	0.005451959	0.002113853	0.001855607	0.001804189	0.000927912	0.001365906	0.002680321	0.000489773	0.000980148	0.000828222	0.00084999	0.000566114	0.000528734	0.000786259	0.00054148	0.000837821	0.000773657	0.000747587	0.000670531	0.000425897	0.000476883	0.000695735	0.000682989	0.000503097	0.000464244	0.000484202	0.000691377	0.000641526
0.459308433	0.099232682	0.014684497	0.01778388	0.01171246	0.003414523	0.004051756	0.002420109	0.001359771	0.001620767	0.004754013	0.001222771	0.001030768	0.00078151	0.000657514	0.0007555	0.000601245	0.000715585	0.000757302	0.000704382	0.000581287	0.000646311	0.000574334	0.000946321	0.000512062	0.000693253	0.00058437	0.000521721	NaN	NaN	NaN	NaN
