-0.09484141	-0.09484468	-0.19040327	-0.19041305	-0.28511208	-0.28512942	-0.37857646	-0.37860581	-0.4735445	-0.47357641	-0.56687633	-0.56692035	-0.66170872	-0.66175522	-0.75568916	-0.75574773	-0.81257135	-0.81258136
-0.09080102	-0.09080102	-0.18270652	-0.18270818	-0.2737696	-0.27376977	-0.36360028	-0.36360277	-0.45453291	-0.45453823	-0.5442371	-0.54424252	-0.63581461	-0.6358203	-0.7257742	-0.72578292	-0.78238817	-0.78240325
-0.08718087	-0.08718087	-0.1758417	-0.17584339	-0.26289933	-0.26290272	-0.34912376	-0.34913056	-0.43682695	-0.43683509	-0.52292683	-0.52293479	-0.61126841	-0.61127857	-0.69724426	-0.6972557	-0.75242742	-0.75245505
-0.08397187	-0.08397534	-0.16864641	-0.16865331	-0.25326073	-0.25326991	-0.33590829	-0.33592126	-0.42001849	-0.42003506	-0.50292815	-0.50294659	-0.58767488	-0.58769704	-0.67083965	-0.6708655	-0.72421173	-0.72421446
-0.08078681	-0.08078681	-0.1626467	-0.16264845	-0.24331705	-0.24331705	-0.32317396	-0.3231766	-0.40447799	-0.4044801	-0.48421929	-0.48422221	-0.56540279	-0.56540529	-0.64577651	-0.64577957	-0.69771147	-0.6977178
-0.07800115	-0.07800115	-0.15631807	-0.15631985	-0.23457828	-0.23457828	-0.31128985	-0.31129252	-0.38943531	-0.38943531	-0.46603284	-0.46603581	-0.54480336	-0.54480831	-0.62202897	-0.62203208	-0.67215796	-0.67216479
-0.07486663	-0.07486663	-0.15078325	-0.15078506	-0.22590653	-0.22590773	-0.29987092	-0.29987363	-0.37488204	-0.37488421	-0.44910187	-0.44910669	-0.52473385	-0.52473797	-0.59920727	-0.59921403	-0.64791726	-0.64794364
-0.07213077	-0.07213077	-0.14529381	-0.14529928	-0.21767521	-0.21768494	-0.28891486	-0.28892584	-0.36155007	-0.36156541	-0.43268167	-0.43269814	-0.50593096	-0.50595179	-0.57767738	-0.57769925	-0.62458816	-0.62461278
-0.0697709	-0.0697709	-0.14020738	-0.14020923	-0.20987296	-0.20987665	-0.2787663	-0.2787737	-0.34832413	-0.34833521	-0.41711199	-0.41712678	-0.48799572	-0.48801256	-0.55703342	-0.55705414	-0.60287994	-0.60288863
-0.06707623	-0.06707623	-0.13516459	-0.13516645	-0.20249131	-0.20249255	-0.26870482	-0.26870762	-0.33592735	-0.33593185	-0.40239047	-0.40239544	-0.47056898	-0.47057535	-0.53727962	-0.53728519	-0.58170448	-0.58170741
-0.06475904	-0.06475904	-0.13051672	-0.13051859	-0.19517541	-0.19517541	-0.25943279	-0.25943561	-0.32433761	-0.32433986	-0.38849571	-0.38849885	-0.45399408	-0.45399676	-0.51839555	-0.51840117	-0.56173944	-0.56174573
-0.06246139	-0.06246139	-0.12590767	-0.12590956	-0.18861413	-0.18861539	-0.25058226	-0.25058604	-0.31318896	-0.31319198	-0.37505809	-0.37506377	-0.4382515	-0.43825581	-0.5007064	-0.50071347	-0.54195029	-0.54195629
-0.06018482	-0.06018482	-0.12134052	-0.12134243	-0.18176884	-0.181769	-0.24146889	-0.24147175	-0.30247614	-0.30247843	-0.36207913	-0.3620842	-0.4229885	-0.42299121	-0.48316955	-0.48317524	-0.52334046	-0.52335064
-0.05826559	-0.05826559	-0.1171528	-0.11715471	-0.17565725	-0.17565853	-0.23311186	-0.23311569	-0.29185508	-0.29185797	-0.34954836	-0.34955346	-0.40852647	-0.40853464	-0.46645639	-0.46646354	-0.50555529	-0.50556228
-0.05603048	-0.05603048	-0.11333168	-0.1133336	-0.16959908	-0.16959908	-0.22516077	-0.22516365	-0.28166176	-0.2816679	-0.33746091	-0.33746411	-0.39452241	-0.39452897	-0.45055238	-0.45056241	-0.48792041	-0.48792936
-0.05446905	-0.05446905	-0.10921613	-0.10921806	-0.16391676	-0.16391804	-0.21760196	-0.21760484	-0.2718869	-0.27189305	-0.32612561	-0.32580802	-0.38096444	-0.38097101	-0.43510949	-0.43511954	-0.47140203	-0.4714127
-0.05227548	-0.05227548	-0.10577994	-0.10578185	-0.15796539	-0.15796667	-0.21010619	-0.21011004	-0.26283726	-0.26284418	-0.31488786	-0.31489362	-0.36816132	-0.36817008	-0.4201207	-0.42012837	-0.45534059	-0.45534741
-0.05073624	-0.05073624	-0.10205396	-0.10205588	-0.15270138	-0.15270266	-0.20268001	-0.20268303	-0.25386314	-0.25386622	-0.30375392	-0.30375649	-0.35546958	-0.35547451	-0.40589378	-0.40589809	-0.43972898	-0.43973408
-0.04889662	-0.04889662	-0.09836431	-0.09836623	-0.14748077	-0.14748205	-0.19594112	-0.195944	-0.24496995	-0.24497225	-0.29334267	-0.29334779	-0.34320099	-0.34320536	-0.39209837	-0.3921041	-0.42455602	-0.42456111
-0.04707636	-0.04707636	-0.0950146	-0.09501652	-0.14230667	-0.14230795	-0.18925591	-0.18925769	-0.23676255	-0.23676484	-0.28332475	-0.28332666	-0.33134638	-0.33134911	-0.37842204	-0.37842443	-0.4101086	-0.41011367
-0.04557237	-0.04557237	-0.09169399	-0.0916959	-0.13747738	-0.13747865	-0.18262924	-0.18263211	-0.22832782	-0.22833011	-0.27368933	-0.27369441	-0.32018671	-0.32018952	-0.36546247	-0.36546817	-0.39607086	-0.39607716
-0.04378823	-0.04378823	-0.08840442	-0.08840632	-0.13297808	-0.13297934	-0.17635342	-0.17635578	-0.22055447	-0.22055674	-0.26413586	-0.26413775	-0.30911709	-0.3091214	-0.35290258	-0.35290635	-0.38215327	-0.38217995
-0.04231046	-0.04231046	-0.08543131	-0.0854332	-0.12794357	-0.1279486	-0.17041483	-0.17042331	-0.212845	-0.21285704	-0.255234	-0.25524968	-0.29814612	-0.29816542	-0.34045202	-0.34047499	-0.36863859	-0.36865887
-0.04084409	-0.04084409	-0.08248076	-0.08248263	-0.1235216	-0.12352658	-0.16424507	-0.16425349	-0.20548177	-0.20548977	-0.24584827	-0.24585824	-0.2878316	-0.28784489	-0.32866879	-0.32868551	-0.35578512	-0.35581093
-0.03938991	-0.03939366	-0.07955435	-0.07956176	-0.11913591	-0.1191448	-0.15840687	-0.15841521	-0.19817996	-0.19819106	-0.23737131	-0.23738612	-0.2776026	-0.27762104	-0.3169833	-0.3170054	-0.34277367	-0.34277853
-0.03794868	-0.03794868	-0.07665363	-0.07665547	-0.11505355	-0.11505477	-0.15288545	-0.1528884	-0.19094197	-0.19094417	-0.22895889	-0.22896072	-0.26746351	-0.26746768	-0.30566416	-0.3056678	-0.33039634	-0.33040275
-0.03678006	-0.03678006	-0.07403876	-0.07404006	-0.11074105	-0.11074226	-0.14714656	-0.14715019	-0.1842872	-0.18403232	-0.22061539	-0.22062081	-0.25793415	-0.25793878	-0.2946984	-0.2947056	-0.31837549	-0.31837905
-0.0353606	-0.0353606	-0.07118759	-0.07118938	-0.10672356	-0.10672475	-0.14171768	-0.14171857	-0.17742824	-0.17743109	-0.21259736	-0.21259974	-0.24848061	-0.24848337	-0.28382288	-0.28382687	-0.30669614	-0.30670237
-0.03395628	-0.03395628	-0.06861222	-0.06861398	-0.1027384	-0.10273957	-0.1365815	-0.13658502	-0.17087677	-0.17087959	-0.20464431	-0.20464959	-0.23935138	-0.23935589	-0.2732866	-0.2732936	-0.29510724	-0.29511337
-0.03280717	-0.03280717	-0.0660553	-0.06605703	-0.0990263	-0.09902745	-0.13148243	-0.1314859	-0.16437824	-0.16438101	-0.19676017	-0.19676537	-0.23029365	-0.23029808	-0.26283779	-0.26284468	-0.28361758	-0.2836204
-0.03166133	-0.03166133	-0.06328564	-0.06328735	-0.09533766	-0.09533822	-0.12642334	-0.12642632	-0.15793748	-0.15793851	-0.18941328	-0.18941651	-0.22131422	-0.22131616	-0.25294659	-0.25294976	-0.27267051	-0.27267974
-0.03029332	-0.03029332	-0.06100164	-0.06100331	-0.09167248	-0.09167359	-0.12140535	-0.12140869	-0.15200219	-0.15200486	-0.18211229	-0.18211729	-0.2126344	-0.21263958	-0.24311881	-0.24312545	-0.2618078	-0.26181214
-0.02894315	-0.02894315	-0.05872614	-0.05872778	-0.08781556	-0.08781665	-0.11665123	-0.11665368	-0.14610427	-0.14588821	-0.17486668	-0.17487104	-0.20446324	-0.20446696	-0.23358856	-0.23359343	-0.25123688	-0.25103247
-0.02803604	-0.02803604	-0.05624815	-0.05624975	-0.0844237	-0.08442476	-0.11192835	-0.11193156	-0.13982035	-0.13982291	-0.16767624	-0.16768103	-0.1959172	-0.19592129	-0.22391053	-0.22391689	-0.24074298	-0.24076506
-0.02670975	-0.02670975	-0.05379444	-0.053796	-0.0808428	-0.08084696	-0.10724129	-0.10724833	-0.13421771	-0.13402347	-0.16074979	-0.16055883	-0.18785752	-0.18787349	-0.21472478	-0.21474377	-0.23052538	-0.23053076
-0.02560152	-0.02560152	-0.05156421	-0.05156496	-0.07729303	-0.07729405	-0.10259127	-0.10259289	-0.12844669	-0.12844912	-0.15387199	-0.15387498	-0.17985221	-0.17985611	-0.20540281	-0.20540751	-0.22037833	-0.22038356
-0.02449955	-0.02449955	-0.0493464	-0.04934713	-0.0739667	-0.07396769	-0.09817078	-0.09817235	-0.12291112	-0.12291348	-0.14723572	-0.14723863	-0.17209433	-0.17209811	-0.19653768	-0.19654226	-0.21048806	-0.21049091
-0.0234043	-0.0234043	-0.04714192	-0.04714192	-0.07066037	-0.07066133	-0.09377712	-0.09377783	-0.11722598	-0.11722828	-0.14045696	-0.14045887	-0.16438336	-0.16438542	-0.18754402	-0.18754723	-0.20066274	-0.20066519
-0.02231619	-0.02231619	-0.04495166	-0.04495166	-0.06737542	-0.06737635	-0.08941208	-0.08941278	-0.11194326	-0.11194492	-0.13391159	-0.13391298	-0.15672285	-0.15672601	-0.17897242	-0.17897518	-0.19107329	-0.19107566
-0.02123571	-0.02123571	-0.04277652	-0.04277652	-0.06411315	-0.06411405	-0.08524639	-0.08524706	-0.10651486	-0.10651647	-0.12757979	-0.12758113	-0.14911508	-0.14911813	-0.17027904	-0.17028171	-0.18154183	-0.18154378
-0.02016325	-0.02016325	-0.04077958	-0.04077958	-0.0608749	-0.06087576	-0.08093661	-0.08093726	-0.10128796	-0.10128796	-0.12128174	-0.12128303	-0.14172434	-0.14172544	-0.16181051	-0.16181147	-0.17222501	-0.17222912
-0.01909928	-0.01909928	-0.03862995	-0.0386306	-0.05781653	-0.05781736	-0.07681495	-0.07681648	-0.09608867	-0.09609015	-0.11501982	-0.11502195	-0.13453165	-0.13453447	-0.15354825	-0.15355204	-0.16295848	-0.16296268
-0.01819195	-0.01819195	-0.03649796	-0.03649916	-0.05476996	-0.05477076	-0.07271403	-0.07271642	-0.09091848	-0.09092038	-0.10879605	-0.10879961	-0.12722511	-0.12722815	-0.14532724	-0.14533196	-0.15374653	-0.1537553
-0.01713873	-0.01713873	-0.03438446	-0.03438561	-0.05173632	-0.05173708	-0.06863537	-0.06863765	-0.08578032	-0.08578441	-0.10275293	-0.1027586	-0.12010802	-0.12011285	-0.1371514	-0.13715816	-0.14472245	-0.14472602
-0.01609518	-0.01609518	-0.03255547	-0.03255604	-0.0487167	-0.04871742	-0.06458048	-0.06458192	-0.08067559	-0.08067732	-0.09673733	-0.09673987	-0.11302849	-0.11303094	-0.12902287	-0.12902653	-0.13574417	-0.13574755
-0.01518708	-0.01518708	-0.03046637	-0.03046637	-0.04571218	-0.04571287	-0.06067539	-0.06067591	-0.07585475	-0.07585639	-0.0907529	-0.09075392	-0.10611314	-0.10611547	-0.12119182	-0.12119385	-0.12704681	-0.12705958
-0.0141565	-0.0141565	-0.02839808	-0.02839905	-0.04272384	-0.04272643	-0.05678241	-0.05678629	-0.07080782	-0.07081363	-0.08480067	-0.0848084	-0.0992257	-0.09923531	-0.11315298	-0.11316377	-0.11815389	-0.11815449
-0.01313675	-0.01313675	-0.02657135	-0.02657135	-0.03975274	-0.03975274	-0.05290142	-0.05290188	-0.06601775	-0.06601775	-0.07910091	-0.07910091	-0.09236856	-0.09236856	-0.10538568	-0.10538635	-0.10952052	-0.10951828
-0.01223083	-0.01223083	-0.02453264	-0.02453179	-0.03680048	-0.03680011	-0.04903689	-0.04903562	-0.06123897	-0.06123795	-0.07320574	-0.07320489	-0.085546	-0.08554479	-0.09764948	-0.09764843	-0.10090925	-0.10090977
-0.01132118	-0.01132118	-0.02270472	-0.02270472	-0.0340553	-0.03405582	-0.04518455	-0.04518494	-0.05637582	-0.05637613	-0.06753463	-0.06753489	-0.07884771	-0.0788486	-0.08994104	-0.08994182	-0.09233182	-0.09233373
-0.01032077	-0.01032077	-0.02069663	-0.02069663	-0.03112675	-0.03112724	-0.04135086	-0.04135114	-0.05154309	-0.05154396	-0.06170304	-0.06170377	-0.07217374	-0.07217539	-0.08243993	-0.08244082	-0.08378744	-0.08378799
-0.00933256	-0.00933256	-0.01887236	-0.01887169	-0.02821992	-0.02821992	-0.03753549	-0.03753549	-0.04681901	-0.0468198	-0.05607109	-0.05607109	-0.06560225	-0.06560225	-0.07478826	-0.07478908	-0.075419	-0.075419
-0.00842922	-0.00842885	-0.01704161	-0.017041	-0.02547756	-0.02547756	-0.03374017	-0.03373926	-0.04225386	-0.04225314	-0.05045219	-0.05045219	-0.05890134	-0.05890049	-0.06731624	-0.06731554	-0.06693345	-0.06693404
-0.00752335	-0.00752258	-0.0150779	-0.01507736	-0.02260023	-0.02260023	-0.03009038	-0.03009038	-0.03754828	-0.03754864	-0.04484886	-0.04484886	-0.05236772	-0.05236772	-0.05972871	-0.05972937	-0.05859834	-0.05859916
-0.00661401	-0.00661401	-0.01325238	-0.01325238	-0.01985841	-0.01985872	-0.02632094	-0.02632118	-0.03286282	-0.03286339	-0.03931731	-0.03931794	-0.04584953	-0.04585002	-0.05229438	-0.0522953	-0.05027684	-0.05027711
-0.00570343	-0.00570343	-0.01142336	-0.01142336	-0.01706284	-0.01706311	-0.02267044	-0.02267065	-0.02824619	-0.02824635	-0.03379018	-0.03379034	-0.03939609	-0.03939643	-0.04487562	-0.04487592	-0.04197141	-0.04197155
-0.00479167	-0.00479111	-0.00959122	-0.00959087	-0.01427788	-0.01427788	-0.01893322	-0.01893322	-0.0236367	-0.02363666	-0.02822907	-0.02822907	-0.03294642	-0.03294642	-0.03751352	-0.03751352	-0.03368398	-0.03368416
-0.00384433	-0.00384433	-0.00772273	-0.00772273	-0.01153617	-0.01153636	-0.01528547	-0.01528561	-0.01903527	-0.01903538	-0.02275319	-0.02275319	-0.0264704	-0.02647063	-0.03015509	-0.03015529	-0.0254639	-0.0254639
-0.00293719	-0.00293719	-0.00586805	-0.00586786	-0.00879133	-0.00879133	-0.01160899	-0.01160899	-0.01444393	-0.01444393	-0.01722328	-0.01722307	-0.02006512	-0.02006508	-0.02278024	-0.02278024	-0.01720555	-0.01720555
-0.00202915	-0.00202915	-0.00404408	-0.00404394	-0.00604362	-0.0060436	-0.00794446	-0.00794446	-0.00988	-0.00988	-0.01175113	-0.01175099	-0.01363778	-0.01363767	-0.01546043	-0.01546043	-0.00898796	-0.00898796
-0.0011205	-0.0011205	-0.00221886	-0.00221878	-0.0032851	-0.00328504	-0.00430189	-0.00430189	-0.00531306	-0.00531306	-0.00627534	-0.00627533	-0.00722195	-0.00722189	-0.00813592	-0.00813587	-0.000768	-0.000768
-0.00021	-0.00021	-0.000393	-0.000393	-0.000542	-0.000542	-0.000658	-0.000658	-0.000745	-0.000745	-0.000798	-0.000798	-0.00082	-0.00082	-0.000809	-0.000809	0.00745294	0.00745289
0.000698	0.000698	0.00143306	0.001433	0.00220051	0.00220047	0.00298607	0.00298607	0.00382429	0.00382429	0.00468011	0.00468005	0.00558293	0.00558287	0.00651832	0.00651827	0.01567123	0.01567123
0.0016064	0.0016064	0.00325864	0.00325851	0.00495726	0.00495717	0.00662924	0.00662924	0.00839191	0.00839191	0.01015644	0.01015644	0.01198379	0.01198368	0.01384357	0.01384347	0.02393274	0.02393261
0.00251476	0.00251476	0.00508323	0.00508304	0.00770579	0.00770567	0.01029302	0.01029302	0.01295697	0.01295697	0.01562976	0.01562973	0.01842791	0.01842774	0.02116461	0.02116446	0.03215463	0.03215445
0.00342235	0.00342235	0.00693592	0.00693592	0.01045198	0.01045181	0.01396933	0.0139692	0.01754881	0.01754881	0.02112926	0.02112926	0.02483517	0.02483494	0.02854231	0.0285421	0.04044599	0.04044576
0.00436636	0.00436636	0.00880266	0.00880234	0.01319499	0.01319477	0.01761874	0.01761858	0.02215096	0.02215096	0.026638	0.026638	0.03131277	0.03131277	0.03586385	0.03586359	0.04875671	0.04875599
0.00527939	0.00527939	0.01063615	0.01063615	0.01597977	0.01597951	0.02130886	0.02130866	0.02671562	0.02671546	0.03215463	0.0321541	0.03771883	0.03771838	0.0432688	0.0432685	0.05708286	0.05708244
0.00619081	0.00619081	0.01246673	0.01246673	0.0187753	0.01877499	0.02500809	0.02500786	0.03138042	0.03138024	0.03767627	0.03767612	0.04422209	0.04422196	0.05069175	0.05069128	0.06542319	0.06542271
0.00710035	0.00710035	0.01429351	0.01429351	0.02151894	0.02151894	0.02865361	0.02865335	0.03600487	0.03600466	0.04326457	0.04326439	0.0507438	0.0507432	0.05813038	0.05812985	0.07377463	0.0737741
0.00800773	0.00800773	0.01625364	0.01625364	0.02439497	0.02439458	0.0324292	0.03242891	0.04063388	0.04063365	0.04887074	0.04887055	0.0572807	0.05728002	0.06558235	0.06558176	0.0822911	0.08229096
0.00891267	0.00891267	0.01808663	0.01808663	0.02714005	0.02714005	0.03622589	0.03622556	0.0453434	0.04534314	0.054493	0.05449278	0.06383056	0.06383037	0.07320127	0.0732011	0.09084451	0.09084451
0.00981489	0.00981489	0.0199141	0.0199141	0.0300464	0.0300464	0.03987238	0.03987238	0.05006971	0.05006971	0.0601293	0.0601293	0.07056349	0.07056349	0.08068804	0.08068804	0.09943213	0.09943213
0.01089754	0.01089754	0.02191948	0.02191948	0.03278986	0.03278986	0.04369211	0.04369211	0.05481212	0.05481212	0.06577855	0.06577855	0.0771502	0.0771502	0.08836861	0.08836861	0.10805064	0.10805045
0.01180883	0.01180883	0.02374958	0.02374958	0.03572317	0.03572317	0.04752921	0.04752921	0.05956789	0.05956789	0.07163966	0.07163937	0.08394589	0.08394565	0.09608344	0.09608323	0.11669713	0.11669713
0.01271651	0.01271651	0.02578699	0.02578699	0.03867617	0.03867617	0.0513824	0.0513824	0.06444449	0.06444449	0.07732305	0.07732305	0.0905596	0.0905596	0.10382988	0.10382988	0.12536911	0.12536911
0.01362033	0.01362033	0.02761725	0.02761725	0.04164782	0.04164782	0.05525037	0.05525037	0.06934709	0.06934709	0.0832455	0.0832455	0.09740885	0.09740885	0.11160576	0.11160576	0.13431237	0.13431214
0.0147643	0.0147643	0.02968395	0.02968395	0.0443917	0.0443917	0.05913182	0.05913182	0.07415079	0.07415079	0.08908002	0.08907968	0.1042893	0.10428901	0.11940848	0.11940822	0.14330469	0.14330469
0.01567458	0.01567458	0.03151188	0.03151188	0.04738249	0.04738249	0.0632864	0.0632864	0.07922358	0.07922358	0.09493195	0.09493195	0.11132902	0.11132902	0.12749777	0.12749777	0.15234356	0.15234356
0.01658009	0.01658009	0.03360507	0.03360507	0.05038886	0.05038886	0.06720576	0.06720576	0.08419401	0.08419401	0.10093881	0.10093881	0.11841011	0.11841011	0.13536033	0.13536033	0.16142549	0.16142549
0.01776976	0.01776976	0.03571788	0.03571788	0.05355488	0.05355488	0.07113449	0.07113449	0.08918353	0.08918353	0.10712057	0.10712057	0.12552971	0.12552971	0.14353432	0.14353432	0.1705472	0.1705472
0.01867969	0.01867969	0.03769721	0.03769721	0.05659655	0.05659655	0.07537685	0.07537685	0.09434347	0.09434347	0.11334384	0.11334384	0.13268522	0.13268522	0.15175355	0.15175355	0.18002871	0.18002842
0.01974329	0.01974329	0.0396798	0.0396798	0.05981036	0.05981036	0.07949506	0.07949506	0.09953365	0.09953365	0.11944559	0.11944559	0.14003499	0.14003499	0.16017625	0.16017625	0.18957192	0.18957192
0.02081552	0.02081552	0.04183189	0.04183189	0.06288271	0.06288271	0.083633	0.083633	0.10491985	0.10491985	0.12590556	0.12590556	0.14742997	0.14742997	0.16865264	0.16865264	0.199174	0.199174
0.02189598	0.02189598	0.04400034	0.04400034	0.06613946	0.06613946	0.08796383	0.08796383	0.11017183	0.11017183	0.1322392	0.1322392	0.1548673	0.1548673	0.17717946	0.17717946	0.20901449	0.20901417
0.0228031	0.0228031	0.04618429	0.04618429	0.06941941	0.06941941	0.09232566	0.09232566	0.11563021	0.11563021	0.13878722	0.13878722	0.16252684	0.16252684	0.18593637	0.18593637	0.2189196	0.2189196
0.02407978	0.02407978	0.04838285	0.04838285	0.07272124	0.07272124	0.09671672	0.09671672	0.12112505	0.12112505	0.14537896	0.14537896	0.17023717	0.17023717	0.19475128	0.19475128	0.22888626	0.22889473
0.02498691	0.02498691	0.05059514	0.05059514	0.07604358	0.07604459	0.10113521	0.10113824	0.12685054	0.12685297	0.15201174	0.1520163	0.17799518	0.17800212	0.20362057	0.20362721	0.23911459	0.23911459
0.02629117	0.02629117	0.05302289	0.05302289	0.0793851	0.0793851	0.10578251	0.10578251	0.13241856	0.13241856	0.15888655	0.15888655	0.18600166	0.18600166	0.21294918	0.21294918	0.24983283	0.24983283
0.02740606	0.02740606	0.05526684	0.05526684	0.08295428	0.08295428	0.11025737	0.11025737	0.13822658	0.13822658	0.16581083	0.16581083	0.19406331	0.19406331	0.22235269	0.22235269	0.26020432	0.2602045
0.02852649	0.02852649	0.05752169	0.05752169	0.08655365	0.08655365	0.11518819	0.11518828	0.14429299	0.14429331	0.17299919	0.17299947	0.20261242	0.20261265	0.23182697	0.23182717	0.27108419	0.27108419
0.02987504	0.02987504	0.05978648	0.05978648	0.09018158	0.09018158	0.11971852	0.11971852	0.15018736	0.15018736	0.18024466	0.18024466	0.21078761	0.21078761	0.24136782	0.24136782	0.28204447	0.28204447
0.03078199	0.03078199	0.06252052	0.06252052	0.09383645	0.09383645	0.12472809	0.12472809	0.15611754	0.15611754	0.18754395	0.18754395	0.21947024	0.21947024	0.25120274	0.25120274	0.29355758	0.29355796
0.03215267	0.03215267	0.06481572	0.06481572	0.09751657	0.09751657	0.12978042	0.12978042	0.16255616	0.16255616	0.19489371	0.19489429	0.22822051	0.22822101	0.26110903	0.26110946	0.30516748	0.30517376
0.03354021	0.03354021	0.06760472	0.06760472	0.10122025	0.10122142	0.13487311	0.13487399	0.16905177	0.16905458	0.20277965	0.202782	0.23752395	0.23752848	0.27157228	0.27157624	0.31686857	0.31686897
0.03469416	0.03469416	0.07017584	0.07017584	0.10519607	0.10519607	0.14000372	0.14000372	0.17560121	0.17560121	0.21048437	0.21048497	0.24666161	0.24666212	0.28212384	0.28212428	0.3291723	0.32917352
0.03610677	0.03610677	0.07276464	0.07276644	0.10920495	0.10920616	0.14542683	0.14542774	0.18220129	0.18220202	0.21849963	0.21850024	0.25612557	0.25612557	0.29275898	0.29276034	0.34158216	0.34158216
0.03753413	0.03753413	0.07563277	0.07563277	0.11350806	0.11350928	0.1508966	0.1508966	0.18911319	0.18911319	0.22684148	0.22684148	0.26566525	0.26566682	0.30400193	0.30400193	0.35436085	0.35436581
0.0389755	0.0389755	0.07825953	0.07825953	0.11758339	0.11758462	0.15640845	0.15640845	0.19608106	0.19608328	0.23525333	0.23525518	0.27554688	0.27555112	0.31533992	0.31534363	0.36752019	0.36752185
0.0404301	0.0404301	0.08117553	0.0811774	0.12196134	0.12196258	0.16223549	0.16223643	0.20337756	0.20337831	0.24400729	0.24400792	0.28550697	0.28550751	0.32704775	0.32704963	0.38079334	0.38079166
0.04189717	0.04189717	0.08411634	0.08411634	0.12637768	0.12637642	0.16811401	0.16811306	0.21101977	0.21101901	0.25283734	0.25283599	0.29639237	0.29639021	0.3388561	0.33885421	0.39474941	0.39474603
0.04337591	0.04337591	0.08708039	0.08708039	0.13082755	0.13082628	0.17461444	0.17461349	0.21844499	0.21844195	0.26231409	0.26231219	0.30680245	0.30680082	0.35133535	0.35133156	0.4088234	0.40881957
0.04486552	0.04486552	0.09035973	0.09035973	0.13589762	0.13589635	0.18059367	0.18059272	0.22650831	0.22650754	0.27158342	0.27158087	0.31787735	0.31787517	0.36391926	0.36391725	0.42361237	0.42360895
0.04636522	0.04636522	0.09367087	0.09367087	0.14072139	0.14072011	0.18721288	0.18721192	0.2343468	0.23434603	0.28122463	0.28122207	0.3293458	0.32934367	0.37690874	0.3769073	0.43883376	0.43883205
0.04817923	0.04817923	0.09701191	0.09701191	0.14558403	0.14558275	0.19389183	0.19389087	0.24285456	0.24285379	0.29124799	0.29124734	0.34121888	0.34121668	0.39031194	0.39031001	0.45450545	0.45449858
0.0497023	0.0497023	0.10069194	0.10069194	0.15110545	0.15110416	0.20093821	0.20093725	0.25144	0.25143691	0.30198297	0.30198039	0.35319736	0.3531924	0.40445343	0.40444909	0.47030422	0.47029734
0.05186565	0.05186565	0.10377658	0.10377585	0.15636567	0.15636439	0.20773126	0.20772955	0.26041086	0.26040777	0.31249913	0.31249571	0.36590469	0.36589973	0.41871906	0.41871322	0.48754259	0.48751512
0.05341389	0.05341389	0.10751891	0.10751698	0.16167104	0.1616659	0.2152238	0.21521511	0.26946716	0.2697778	0.32375606	0.32373996	0.37906089	0.37904107	0.433765	0.43374139	0.50489321	0.50489321
0.05529505	0.05529505	0.11162044	0.11161852	0.16766256	0.16766256	0.22309521	0.22309521	0.27923239	0.27923008	0.33508448	0.33508448	0.39262976	0.39262701	0.44923248	0.44923007	0.52275462	0.52274565
0.05719156	0.05719156	0.11543016	0.11542824	0.17338091	0.17337963	0.23104861	0.23104573	0.28943081	0.28942467	0.34718825	0.34718312	0.40666743	0.4066592	0.4651882	0.46518192	0.54177409	0.54176728
0.05910225	0.05910225	0.11994414	0.11994224	0.17947954	0.17947954	0.23906546	0.23906259	0.29971273	0.29971208	0.35973238	0.35972919	0.42149783	0.42149128	0.48195013	0.48194678	0.56095376	0.56095376
0.06136889	0.06136889	0.12381769	0.12381579	0.1863137	0.1863137	0.24783109	0.24782823	0.3107692	0.3107692	0.37272755	0.37272437	0.43645341	0.43645341	0.49954357	0.49954024	0.581693	0.58168418
0.06365733	0.06365733	0.12841071	0.12840882	0.19286391	0.19286368	0.25667277	0.25666993	0.32157694	0.32157219	0.38618053	0.38617548	0.45223493	0.45222846	0.51763711	0.51763145	0.60295756	0.60295464
0.06596602	0.06596602	0.13339703	0.13339516	0.19981767	0.19981767	0.26629206	0.26628925	0.33352159	0.33351934	0.40009733	0.4000942	0.46884675	0.46884408	0.5362336	0.53622798	0.62548231	0.6254757
0.0686511	0.0686511	0.13807196	0.13807011	0.20754324	0.20754324	0.27599476	0.27599197	0.34593272	0.34592678	0.41484227	0.41483916	0.48596264	0.48595628	0.55641803	0.55641062	0.64855438	0.64854785
0.07100029	0.07100029	0.14350593	0.1435041	0.21533815	0.21533815	0.2865006	0.28649784	0.35880252	0.35880252	0.43043391	0.43043084	0.50430194	0.50429731	0.57712854	0.57712533	0.67328265	0.67327619
0.07373186	0.07373186	0.14862151	0.1486197	0.22319693	0.22319693	0.29709476	0.29709203	0.37215076	0.37214713	0.4465211	0.44651807	0.523529	0.52352279	0.59911885	0.5991116	0.69895772	0.69895711
0.07648615	0.07648615	0.15414478	0.15414478	0.2314892	0.23148603	0.30814196	0.30814196	0.3863432	0.38633961	0.4638534	0.46385164	0.54365755	0.54365755	0.62202867	0.62202465	0.72636364	0.72633188
0.07926479	0.07926122	0.16046655	0.1604595	0.24059864	0.24058806	0.32041148	0.32039734	0.40141134	0.40139368	0.48171479	0.48169358	0.56433893	0.56469166	0.64626711	0.64623893	0.75509039	0.75509039
0.08243509	0.08243509	0.16645153	0.16645153	0.25014888	0.25014541	0.33313998	0.33313998	0.41733635	0.41733635	0.50082956	0.50082956	0.58705222	0.58704776	0.67180392	0.67180392	0.78558728	0.78561456
0.08601813	0.08602157	0.17286561	0.17287245	0.25977552	0.25978462	0.34597502	0.34598785	0.43377599	0.4337914	0.52086705	0.52088527	0.61033153	0.61035342	0.69870281	0.69872621	NaN	NaN
